2645 11113
2645 11816
2645 13193
2645 13464
2645 14317
2645 15356
2645 15677
2646 13633
2646 15700
2647 11307
2648 18973
2649 15952
2650 6180
2650 12347
2651 6094
2652 9572
2653 7966
2654 13787
2654 15231
2655 3819
2655 4216
2655 4358
2655 6248
2655 7865
2655 8277
2655 8372
2655 8813
2655 9146
2655 11059
2655 11101
2655 14851
2655 17505
2656 10766
2657 7367
2657 13928
2657 15329
2658 6340
2658 8198
2658 13527
2658 18724
2659 8480
2659 10163
2659 14893
2659 18791
2661 18945
2662 18726
2663 3667
2664 15843
2665 9470
2665 13402
2666 3474
2666 6570
2666 9451
2666 10857
2666 13351
2666 14905
2666 18087
2666 18443
2667 14207
2668 5324
2668 7272
2668 15240
2668 17399
2669 4963
2669 8372
2670 2992
2670 4177
2670 5872
2670 8331
2670 15542
2670 16260
2670 16318
2670 16427
2670 16770
2671 6131
2672 9041
2672 12150
2673 4005
2673 4364
2673 4371
2673 5409
2673 6614
2673 6702
2673 6733
2673 8778
2673 8897
2673 10121
2673 10495
2673 11417
2673 11837
2673 12377
2673 14298
2673 14599
2673 15067
2673 15070
2673 15639
2673 15645
2673 17129
2673 17392
2673 17429
2673 17554
2673 19106
2673 19404
2674 3956
2674 4198
2674 5467
2674 5808
2674 7594
2674 7659
2674 7884
2674 7997
2674 8629
2674 9906
2674 10167
2674 10269
2674 10559
2674 11866
2674 12156
2674 12474
2674 14637
2674 15161
2674 15390
2674 18740
2674 18894
2675 3582
2676 6953
2676 13305
2676 18809
2677 3579
2677 16144
2678 11262
2679 4463
2679 8496
2679 8946
2679 11618
2679 14373
2679 14689
2679 15584
2679 16194
2679 18014
2679 18237
2680 5144
2680 6952
2680 10046
2680 12443
2680 15501
2680 16851
2680 17530
2680 19032
2681 13616
2682 3831
2683 7307
2684 7815
2685 18809
2686 8400
2686 12080
2686 18185
2687 7056
2688 17549
2689 8502
2689 15024
2689 16901
2689 17056
2689 17993
2690 10457
2690 15224
2691 5081
2691 17499
2692 3244
2692 7712
2692 16901
2692 18770
2693 9564
2693 14642
2693 19428
2695 2927
2695 6072
2695 6637
2695 11525
2695 12531
2695 13650
2695 13829
2695 14328
2695 14862
2695 15562
2695 15665
2695 19168
2695 19576
2696 3683
2696 9576
2697 15823
2698 8005
2699 11104
2699 11611
2699 11869
2699 14970
2700 7311
2700 18225
2700 18381
2701 2708
2701 8384
2701 9366
2701 9561
2701 13633
2702 5646
2702 5987
2702 9422
2702 9443
2702 9820
2702 10470
2702 11961
2702 12846
2702 16020
2702 17750
2703 9564
2703 9588
2703 10597
2703 10826
2703 11525
2703 11699
2703 14051
2703 15936
2703 18586
2703 18600
2703 18929
2704 9943
2705 16637
2706 9262
2707 9264
2707 10706
2707 17847
2708 3414
2708 4408
2708 4799
2708 4873
2708 5161
2708 5440
2708 5467
2708 5909
2708 5917
2708 5964
2708 6185
2708 6380
2708 6586
2708 6805
2708 6828
2708 6992
2708 8098
2708 8352
2708 8382
2708 8384
2708 8391
2708 9680
2708 10856
2708 11252
2708 11396
2708 11425
2708 11437
2708 11600
2708 11873
2708 11917
2708 12058
2708 12251
2708 12453
2708 12793
2708 13122
2708 13364
2708 13512
2708 13533
2708 14421
2708 14560
2708 14651
2708 14965
2708 15044
2708 15100
2708 15266
2708 15372
2708 15788
2708 15944
2708 16610
2708 16787
2708 17209
2708 17481
2708 17493
2708 17763
2708 18665
2708 18671
2708 18849
2708 18934
2708 19110
2708 19190
2708 19328
2708 19461
2709 4620
2710 4678
2711 4308
2711 6771
2711 6985
2712 6985
2712 18508
2713 18307
2714 11730
2714 13131
2714 15596
2714 18731
2715 3241
2716 3296
2716 9188
2716 15168
2716 19100
2717 10850
2717 12204
2717 14893
2718 7852
2718 8741
2718 8998
2718 12102
2718 16676
2718 19035
2719 18889
2720 14736
2721 8093
2722 8447
2722 8665
2722 9665
2722 10059
2722 12632
2722 12804
2722 15010
2722 15307
2722 19647
2723 6273
2724 3082
2724 6242
2724 17105
2725 4733
2725 7225
2725 9209
2725 9998
2725 11752
2725 13466
2725 15005
2725 15183
2725 16035
2725 16125
2725 16654
2725 16775
2725 16940
2725 18476
2725 18911
2726 5095
2727 14342
2728 9080
2728 17377
2729 10297
2730 4893
2730 14603
2730 18701
2730 18809
2731 13890
2732 13453
2733 3531
2733 3683
2733 4895
2733 6794
2733 14110
2733 16500
2734 3531
2734 4895
2734 14110
2735 4246
2735 4654
2735 4980
2735 5526
2735 7766
2735 8666
2735 8687
2735 9045
2735 10136
2735 10451
2735 13083
2735 15600
2735 15916
2735 17645
2736 15505
2737 3683
2738 16416
2740 4863
2740 14353
2741 13846
2742 2759
2743 3286
2743 3846
2744 6988
2744 7112
2744 12615
2744 13415
2744 18811
2745 13415
2745 15921
2746 16570
2747 5730
2748 13826
2749 13354
2749 13525
2752 18846
2753 2891
2753 3156
2753 7474
2753 7791
2753 8005
2753 8613
2753 9306
2753 14284
2753 17529
2753 18053
2753 18967
2754 6844
2754 8453
2754 9348
2754 11072
2754 12973
2755 4450
2755 18310
2756 4673
2756 5867
2756 6634
2756 7141
2756 8553
2756 8984
2756 9760
2756 10546
2756 11015
2756 14619
2756 14675
2756 16349
2756 17997
2756 18604
2757 3929
2758 18853
2759 5925
2759 6949
2759 8507
2759 9833
2759 10539
2759 11503
2759 12549
2759 12649
2759 12725
2759 14290
2759 15695
2759 16371
2759 16836
2759 18038
2759 18126
2760 3073
2761 3929
2761 8106
2762 7311
2765 15538
2766 16465
2767 3187
2767 3683
2767 9231
2767 16112
2768 16054
2769 15993
2769 15994
2771 5899
2771 14893
2772 9358
2773 11233
2773 16152
2774 14923
2775 18863
2776 15546
2777 4753
2777 9171
2778 15572
2778 18370
2779 7311
2780 13938
2781 13256
2781 18825
2782 3747
2783 4524
2783 5958
2783 6543
2783 7348
2783 8027
2783 8410
2783 10929
2783 11024
2783 13206
2783 15858
2783 16819
2784 3351
2784 3886
2784 4846
2784 6952
2784 8632
2784 9865
2784 10821
2784 11312
2784 14399
2785 16829
2786 9814
2787 6352
2787 7861
2787 8576
2788 7986
2788 8392
2789 4196
2789 12725
2789 16901
2790 5276
2790 6411
2790 7452
2790 8263
2790 9548
2790 12019
2790 12350
2790 12811
2790 14348
2790 15824
2790 17019
2790 17025
2790 17026
2793 4672
2793 8697
2793 8859
2793 10355
2793 11040
2793 11045
2793 11063
2793 11202
2793 11353
2793 11442
2793 14057
2793 15293
2793 16440
2793 16549
2793 17379
2794 3007
2794 6097
2794 7149
2794 11127
2794 11574
2794 13838
2794 14894
2794 16106
2794 16589
2794 16768
2794 18034
2794 18189
2794 19509
2795 14354
2796 4567
2796 5715
2796 8106
2796 8555
2796 8963
2796 10076
2796 10448
2796 13244
2796 13443
2796 13599
2796 14752
2796 15320
2796 15783
2796 17995
2796 18658
2797 7370
2797 11848
2797 15467
2798 3676
2798 4454
2798 5004
2798 5786
2798 6861
2798 8613
2798 8886
2798 9656
2798 9797
2798 10265
2798 10603
2798 10717
2798 11816
2798 11823
2798 11986
2798 12332
2798 13549
2798 14284
2798 15356
2798 16031
2798 16759
2798 18402
2799 6407
2800 4578
2800 17681
2801 3481
2801 6794
2802 17600
2802 18858
2803 4758
2803 10457
2803 11907
2803 17600
2803 18461
2804 3279
2804 3695
2804 6616
2804 7399
2804 8886
2804 9275
2804 10675
2804 12978
2804 13641
2804 13754
2804 16033
2804 16754
2804 17147
2804 17847
2805 7010
2806 3399
2806 4935
2806 5116
2806 5455
2806 5521
2806 9549
2806 10420
2806 16190
2807 16347
2808 6992
2809 7716
2810 5711
2811 6985
2812 3602
2812 5891
2812 16493
2812 16960
2812 17774
2813 7131
2813 8688
2813 9997
2813 10154
2813 12294
2813 12420
2813 12796
2813 14144
2813 16522
2813 17758
2813 18064
2814 15479
2815 6411
2815 6836
2815 7452
2815 9921
2815 12171
2815 13911
2815 14578
2815 15028
2815 15461
2815 17019
2815 17025
2815 17026
2816 5930
2818 6224
2818 7258
2819 5375
2821 5336
2821 6096
2821 6179
2821 9421
2821 9880
2821 11024
2821 12237
2821 14076
2822 7818
2823 6497
2823 10662
2824 11257
2824 18895
2824 18936
2825 16360
2826 4546
2826 13675
2826 14008
2826 18734
2827 11083
2827 12286
2827 12579
2827 14316
2827 16405
2827 18099
2828 17155
2829 5635
2829 9572
2830 7027
2830 8868
2831 18211
2833 16523
2834 4077
2834 5226
2835 3668
2835 4101
2835 5045
2835 5481
2835 5788
2835 5872
2835 6243
2835 7213
2835 7481
2835 9041
2835 10521
2835 11130
2835 12150
2835 15501
2835 17206
2835 17267
2835 18337
2835 18645
2835 18782
2836 10601
2836 11039
2837 17994
2838 8093
2838 15804
2838 18858
2839 4033
2840 4460
2841 3665
2841 4497
2841 5241
2841 7062
2841 9918
2841 10751
2841 12513
2841 12920
2841 14632
2841 15627
2841 15663
2841 16229
2841 17911
2841 17952
2841 18230
2841 18839
2842 14288
2842 17105
2843 18614
2844 6690
2845 5192
2845 8052
2845 10043
2845 10785
2845 11227
2845 12033
2845 13569
2845 19262
2846 11044
2846 14796
2847 5187
2847 7313
2847 8248
2847 11027
2847 12668
2847 12719
2847 13764
2847 16417
2848 3663
2848 6851
2849 13677
2850 6907
2851 4315
2851 4322
2851 13807
2851 13964
2851 16292
2852 18035
2853 10383
2854 4363
2854 5492
2854 7282
2854 9669
2854 9695
2854 10583
2854 11372
2854 11894
2854 12115
2854 12160
2854 13215
2854 15121
2854 16462
2854 16527
2854 17687
2854 17717
2854 18623
2854 18745
2854 18926
2855 3154
2856 7883
2857 4339
2857 5369
2857 5923
2857 9941
2857 12216
2857 12969
2857 14529
2857 19157
2858 8621
2858 10441
2859 13529
2860 4874
2860 18811
2861 4148
2862 3085
2862 3162
2862 4214
2862 4846
2862 5943
2862 6952
2862 7553
2862 7979
2862 7992
2862 8696
2862 8763
2862 8783
2862 8910
2862 9451
2862 10223
2862 12075
2862 12649
2862 13716
2862 14843
2862 16538
2862 16565
2862 17917
2862 18411
2862 18791
2862 18956
2863 13633
2864 7832
2864 10038
2864 18749
2865 3983
2865 8454
2865 12192
2865 18430
2866 18236
2867 18794
2868 17751
2869 13200
2869 16229
2869 17911
2869 18839
2870 15224
2870 16360
2870 17859
2870 18717
2872 13368
2873 3782
2873 4755
2873 6930
2873 7659
2873 8042
2873 10141
2873 11394
2873 11621
2873 11813
2873 14128
2873 14756
2873 15468
2873 16195
2873 17440
2873 17664
2873 18694
2873 19125
2874 6945
2874 7098
2874 7616
2874 9698
2874 14224
2874 15088
2874 16513
2874 16887
2874 17101
2874 17285
2875 10247
2876 6340
2877 6607
2877 8385
2877 8394
2877 8788
2877 12569
2877 14758
2877 15571
2877 18730
2878 7438
2879 15401
2880 11580
2881 10094
2881 11526
2882 3453
2882 5580
2882 6048
2882 8301
2882 8509
2882 9776
2882 11018
2882 13642
2882 16385
2883 7456
2884 5108
2884 11089
2884 12240
2884 13582
2884 14821
2884 16293
2885 11921
2886 3327
2886 5242
2886 10857
2886 11141
2886 11264
2886 13009
2886 15329
2886 16631
2886 17220
2887 16250
2888 8986
2890 5345
2890 17871
2891 4705
2891 9956
2891 10926
2891 11388
2891 13790
2891 17088
2891 17454
2891 18517
2891 18780
2892 3963
2892 10335
2892 13623
2893 4316
2895 18576
2896 8950
2896 9322
2896 10571
2896 15701
2896 16977
2896 17983
2896 19191
2897 3657
2897 4496
2897 5310
2897 5583
2897 8993
2897 9329
2897 13927
2897 14398
2897 16363
2897 16815
2897 18266
2898 7862
2898 10258
2898 14315
2899 8970
2900 4989
2901 15605
2902 6560
2902 7399
2902 8598
2902 10573
2902 10690
2902 13801
2902 13931
2902 15925
2902 16754
2902 18614
2903 18035
2904 2987
2906 5515
2907 10335
2908 9652
2909 17689
2910 9708
2910 12365
2911 7754
2911 18768
2912 5605
2912 11076
2912 13088
2912 13441
2912 14019
2912 16384
2912 16513
2912 16533
2912 16775
2912 18576
2913 5313
2913 8109
2914 4989
2914 5306
2914 6296
2914 6660
2914 17684
2915 3435
2915 4513
2915 6110
2915 6240
2915 6579
2915 10257
2915 10675
2915 16486
2915 16754
2915 17147
2916 6930
2917 10173
2918 6572
2919 12142
2919 18743
2919 19044
2920 9378
2920 15982
2921 9326
2921 10313
2921 11595
2922 9192
2923 3617
2923 3935
2924 9708
2925 9197
2925 17496
2926 6511
2927 3441
2927 7193
2927 9561
2927 13435
2927 13529
2927 13725
2927 14371
2927 15704
2927 15998
2927 18471
2928 9988
2928 11456
2929 3244
2929 7902
2929 11894
2929 18900
2930 6161
2930 15110
2931 8608
2931 9813
2932 7134
2933 3705
2933 8530
2933 11494
2933 12773
2933 16930
2934 3294
2934 5757
2935 3241
2935 18778
2936 13703
2936 14044
2936 14045
2936 17474
2937 10961
2938 18956
2939 12019
2940 9222
2940 12105
2940 12839
2941 16361
2943 4416
2943 5519
2943 5966
2943 6222
2943 9412
2943 9509
2943 13400
2943 14746
2943 17366
2944 18901
2945 9802
2945 14515
2946 3895
2947 9181
2948 11049
2948 15377
2948 16552
2948 18058
2949 15849
2950 5089
2950 14433
2950 14698
2951 4987
2951 7847
2951 11024
2951 14286
2951 14821
2951 16944
2951 17375
2952 3756
2953 8545
2953 12285
2954 4533
2954 4823
2954 13140
2954 13200
2954 17255
2955 8789
2955 10595
2955 11547
2955 13123
2955 14063
2955 14524
2955 15207
2955 15681
2955 15750
2955 18398
2955 19183
2957 3918
2957 4429
2957 5240
2957 6612
2957 7399
2957 10690
2957 11188
2957 13892
2957 15066
2957 15828
2958 3683
2960 11778
2961 15884
2962 6567
2962 7821
2962 10956
2963 8998
2963 17708
2964 3052
2964 5467
2964 7997
2964 8497
2964 10265
2964 10373
2964 10443
2964 11812
2964 11816
2964 14284
2964 15137
2965 15390
2966 8133
2966 18603
2967 6347
2967 10540
2968 13405
2969 15704
2969 17731
2969 18627
2971 7476
2971 10094
2971 11526
2971 12457
2972 11262
2973 13188
2973 17418
2974 16214
2974 17415
2975 6794
2975 11844
2975 14061
2975 14991
2975 17262
2976 3286
2978 18791
2979 4527
2980 18876
2981 4343
2981 4733
2981 5683
2981 6569
2981 6872
2981 7130
2981 7533
2981 9471
2981 10670
2981 14317
2981 15579
2981 17225
2981 18053
2982 8998
2982 9842
2983 4164
2983 4514
2983 7496
2983 10139
2983 10662
2983 12876
2983 13143
2983 13755
2983 14277
2983 16342
2983 18769
2984 16964
2985 6689
2985 10119
2986 6509
2987 3015
2987 4721
2987 6338
2987 6385
2987 7070
2987 8826
2987 8909
2987 9644
2987 9782
2987 11869
2987 11978
2987 14048
2987 14747
2987 15414
2987 16664
2987 17982
2988 2999
2988 3018
2988 6320
2988 6811
2988 11507
2988 13179
2989 15079
2989 18614
2990 5026
2990 15350
2990 16809
2991 11892
2992 3529
2992 4051
2992 5042
2992 9477
2992 10966
2992 17516
2993 8028
2993 13118
2993 14314
2994 4045
2994 5375
2994 6298
2994 8392
2994 8406
2994 8730
2994 9802
2994 9808
2994 11262
2994 11641
2994 12019
2994 12827
2994 13354
2994 14618
2994 15513
2994 15615
2994 15744
2994 16426
2994 17724
2994 18768
2995 6511
2995 17219
2995 18962
2996 11678
2996 13131
2996 18731
2997 3331
2997 4057
2997 6784
2997 6962
2997 8087
2997 8509
2997 11450
2997 12836
2997 13775
2997 18162
2998 7983
2999 3018
2999 3105
2999 3793
2999 6058
2999 6511
2999 6517
2999 6811
2999 7438
2999 7516
2999 7715
2999 8655
2999 8818
2999 9901
2999 10068
2999 10272
2999 10802
2999 10804
2999 10981
2999 11483
2999 11499
2999 11808
2999 11996
2999 12404
2999 12567
2999 13038
2999 13376
2999 15963
2999 16298
2999 16764
3000 10103
3001 15952
3002 5639
3002 17192
3003 8335
3004 16967
3005 9943
3005 11386
3005 17176
3006 14893
3008 5515
3009 5587
3010 11944
3010 13311
3010 15727
3011 13009
3011 15329
3012 10510
3013 3694
3013 5963
3013 6156
3013 7906
3013 10087
3013 10088
3013 10877
3013 12138
3013 14652
3013 16158
3013 16470
3014 3544
3014 13261
3014 17701
3015 4863
3015 5943
3015 11674
3015 12281
3016 7400
3017 4771
3017 4932
3017 5428
3017 5997
3017 7003
3017 9921
3017 11409
3017 11716
3017 11809
3017 12178
3017 12326
3017 12878
3017 15498
3017 16543
3017 16544
3017 16546
3017 17019
3017 17025
3017 17026
3017 18907
3018 3105
3018 4872
3018 5565
3018 6811
3018 7290
3018 7715
3018 8818
3018 9049
3018 9901
3018 10068
3018 10981
3018 11364
3018 11483
3018 11808
3018 12858
3018 14555
3018 15734
3018 16764
3019 6631
3019 16380
3020 14754
3021 3825
3022 13612
3022 15031
3024 7571
3025 6209
3026 14622
3026 18453
3026 18893
3027 5463
3027 17994
3028 8028
3029 7199
3029 17815
3030 5918
3030 10532
3032 4411
3033 5103
3034 14008
3035 12875
3036 3961
3036 10376
3037 4750
3037 6711
3037 9784
3037 10297
3037 17505
3038 16148
3038 18768
3040 10427
3041 11923
3042 9177
3043 3287
3043 5507
3043 6205
3043 9846
3043 10568
3043 12884
3043 14640
3044 5500
3045 7322
3045 7766
3046 10818
3047 4493
3048 3683
3048 10051
3049 4733
3049 11752
3050 12019
3052 4445
3052 5467
3052 5602
3052 6798
3052 7130
3052 7156
3052 7629
3052 7997
3052 9589
3052 9785
3052 9797
3052 10185
3052 10866
3052 11084
3052 13675
3052 14356
3052 15356
3052 18315
3052 18740
3052 18758
3053 5768
3054 3544
3054 4655
3054 5587
3054 6129
3054 6269
3054 7733
3054 7997
3054 9066
3054 11083
3054 11674
3054 12348
3054 12534
3054 14356
3054 14727
3054 16379
3054 16405
3054 17195
3054 17839
3054 18508
3054 18841
3055 3441
3055 3451
3055 7784
3055 11469
3056 5081
3056 6075
3056 7027
3057 18865
3058 17387
3059 18948
3060 3165
3060 15467
3060 18949
3061 5661
3061 13000
3062 3601
3062 5207
3062 9193
3062 9388
3062 10600
3062 11211
3062 11359
3062 11468
3062 11595
3062 13392
3062 14742
3062 15390
3062 16284
3062 17053
3062 17701
3062 18589
3062 18719
3062 18740
3063 5386
3064 8608
3065 7089
3066 9262
3067 6210
3068 11595
3069 5768
3069 10484
3070 5947
3073 4181
3073 5393
3073 5809
3073 6996
3073 7444
3073 8342
3073 8396
3073 8708
3073 8825
3073 9214
3073 9656
3073 9838
3073 10212
3073 10993
3073 11876
3073 12561
3073 13975
3073 15066
3073 16482
3073 18670
3073 18820
3074 7712
3074 11335
3074 15823
3074 16747
3075 6501
3075 17315
3076 13045
3077 9237
3077 11349
3078 3121
3079 3148
3079 3799
3079 5340
3079 7583
3079 9635
3079 11596
3079 12502
3079 13221
3079 17193
3079 17423
3079 18990
3081 16958
3082 3251
3082 4649
3082 5719
3082 6381
3082 6438
3082 6478
3082 7231
3082 7888
3082 8551
3082 8747
3082 9228
3082 9835
3082 9891
3082 10727
3082 10879
3082 11372
3082 11449
3082 11450
3082 11894
3082 11931
3082 12018
3082 12046
3082 12431
3082 13313
3082 13330
3082 14463
3082 14512
3082 14695
3082 15377
3082 15642
3082 17415
3082 17634
3082 17727
3082 18201
3082 18454
3082 18942
3082 18957
3082 19048
3082 19153
3083 12369
3084 4113
3084 4493
3084 6000
3084 6850
3084 7042
3084 7136
3084 9315
3084 18847
3086 15943
3087 3577
3087 3631
3087 5212
3087 11672
3089 19174
3090 7056
3090 10389
3091 6365
3092 5336
3092 6224
3092 17581
3093 5058
3093 9998
3093 15125
3093 16125
3093 16457
3093 18821
3094 6813
3094 9366
3095 10359
3096 9249
3097 10223
3097 14622
3097 18502
3098 3405
3099 10601
3100 18680
3101 7210
3102 3122
3102 3339
3102 5663
3102 6204
3102 7110
3102 8031
3102 8983
3102 11750
3102 12235
3102 18477
3103 4980
3104 6259
3104 8035
3104 8574
3104 9768
3104 10757
3104 11449
3104 11450
3104 13643
3104 14335
3104 14587
3104 18524
3104 18696
3104 19031
3105 3793
3105 3909
3105 5569
3105 8384
3105 10981
3105 11483
3105 11808
3105 13799
3105 14013
3105 14555
3105 15734
3105 17884
3106 3942
3107 3870
3107 6677
3107 9881
3107 11511
3108 8696
3108 15384
3108 15385
3108 15954
3109 9231
3110 5796
3110 6798
3110 6988
3110 7112
3110 8024
3110 9083
3110 10285
3110 13844
3110 14279
3110 15045
3110 18545
3110 18757
3111 8755
3111 14722
3111 16631
3112 13405
3113 18561
3114 7527
3115 4186
3116 3984
3117 4546
3118 19018
3119 6543
3119 11762
3119 18839
3120 5427
3121 7180
3121 11689
3121 12643
3121 12977
3121 13733
3121 14035
3121 15407
3121 16485
3121 16739
3123 6262
3123 6567
3123 12738
3124 7874
3124 8204
3124 9094
3124 9689
3124 16335
3124 17075
3124 17651
3124 18906
3124 19580
3125 11041
3125 16829
3126 3517
3126 5102
3126 7222
3126 8526
3126 8567
3126 12142
3126 14420
3126 15841
3126 17198
3126 17603
3127 5799
3127 14358
3127 14626
3127 18725
3128 13964
3129 4764
3129 6094
3129 6774
3129 9349
3129 13495
3129 13870
3130 8817
3130 11478
3130 14006
3130 14910
3130 18739
3131 3307
3132 16541
3133 13964
3134 3162
3135 3642
3135 8776
3135 8862
3135 9884
3135 13289
3135 13522
3135 18605
3136 3224
3136 3344
3136 3600
3136 4487
3136 4837
3136 5567
3136 5661
3136 6111
3136 6216
3136 6538
3136 6628
3136 6812
3136 7116
3136 7340
3136 7403
3136 8015
3136 8131
3136 9718
3136 11795
3136 11970
3136 12550
3136 13275
3136 14425
3136 14641
3136 15278
3136 17364
3136 18117
3136 18659
3136 18762
3136 19525
3137 6223
3137 11372
3137 11450
3137 11894
3137 14003
3137 15864
3137 16483
3138 9808
3139 8348
3141 7780
3141 8093
3141 12256
3141 14997
3141 15207
3142 9879
3142 10464
3142 11372
3142 16682
3142 18769
3143 16604
3144 8857
3145 12955
3146 4899
3146 6358
3146 7139
3146 7780
3146 8509
3146 10236
3146 11317
3146 11450
3146 12256
3146 12628
3146 16123
3146 17354
3146 17548
3146 17681
3146 18190
3146 18736
3147 4120
3147 6128
3148 3544
3148 12466
3149 5194
3149 6813
3150 4464
3150 6697
3150 6749
3150 7335
3150 8981
3150 9490
3151 13285
3152 7408
3153 4100
3153 4559
3153 5734
3153 7382
3153 9325
3153 11497
3153 11859
3153 12047
3153 12645
3153 13064
3153 14061
3153 14750
3153 14897
3153 16719
3153 17392
3153 19486
3154 7958
3154 9238
3154 10648
3154 11411
3154 13943
3154 15887
3154 16333
3154 17423
3154 17493
3154 17522
3154 18803
3155 5156
3155 7192
3156 19161
3157 3673
3157 3779
3157 6591
3157 7274
3158 5930
3159 14044
3159 14045
3160 4690
3160 7753
3160 9038
3160 18060
3160 18769
3161 4888
3161 6301
3161 8041
3161 10312
3161 10712
3162 5470
3162 8262
3162 8783
3162 10101
3162 11141
3162 11363
3162 13679
3162 14215
3162 14455
3162 15391
3162 17917
3162 18414
3163 3444
3163 10070
3163 11694
3163 12587
3163 15789
3163 16929
3164 16565
3165 3337
3165 4225
3165 4598
3165 5090
3165 5362
3165 5698
3165 5839
3165 6139
3165 6404
3165 6447
3165 6801
3165 6811
3165 6985
3165 7483
3165 8352
3165 8859
3165 10748
3165 11334
3165 11546
3165 11596
3165 12070
3165 12222
3165 12514
3165 12862
3165 12999
3165 13969
3165 15710
3165 17933
3165 18188
3165 18341
3165 18722
3165 18742
3165 19392
3166 6543
3166 18749
3167 6488
3167 13779
3168 4893
3168 7407
3168 13474
3168 15298
3168 16823
3168 18767
3169 8803
3170 14062
3171 4421
3171 7943
3171 8213
3171 11838
3171 14184
3171 14653
3172 5021
3172 9081
3172 11409
3172 14021
3173 9512
3173 18502
3173 19169
3174 11919
3175 7317
3176 4194
3177 4514
3177 5665
3177 7496
3177 9249
3178 6511
3179 18440
3180 8193
3180 9227
3180 18464
3181 10136
3182 3269
3182 3824
3182 5995
3182 8921
3182 9014
3182 11789
3182 12099
3182 16145
3182 17113
3182 17348
3182 17746
3183 7470
3184 5100
3184 6590
3184 9093
3184 9172
3184 11050
3184 11368
3184 11624
3185 16229
3186 12555
3187 4188
3187 7653
3187 11024
3187 12307
3187 13149
3187 14648
3187 16073
3187 17584
3188 3405
3188 8480
3190 3667
3190 4340
3190 4520
3190 4694
3190 5307
3190 5913
3190 6043
3190 6366
3190 6510
3190 6656
3190 7311
3190 7407
3190 7778
3190 7862
3190 8090
3190 8192
3190 8469
3190 8621
3190 8664
3190 8974
3190 9071
3190 9181
3190 9884
3190 9983
3190 10213
3190 10300
3190 10631
3190 10749
3190 12160
3190 12643
3190 14234
3190 14502
3190 15087
3190 15357
3190 15545
3190 16211
3190 17771
3190 18069
3190 18080
3190 18767
3190 19208
3191 4689
3191 4783
3191 6936
3191 7465
3191 8424
3191 12568
3191 15727
3191 18951
3192 16541
3193 18738
3195 15224
3195 16360
3195 17859
3196 10990
3197 5622
3197 5876
3197 12786
3197 15603
3197 18845
3198 13485
3199 8739
3200 12457
3201 5994
3201 10433
3201 15769
3201 16051
3201 16560
3203 6262
3203 11621
3203 17664
3204 8263
3205 18728
3206 13448
3206 18918
3207 3307
3207 5054
3207 5103
3207 6411
3207 7452
3207 8817
3207 8823
3207 8974
3207 9921
3207 10992
3207 11478
3207 13882
3207 14006
3207 14910
3207 15513
3207 15520
3207 16543
3207 16546
3207 17019
3207 17025
3207 17026
3207 17116
3207 18733
3207 18739
3207 18745
3207 18809
3207 18940
3208 7716
3209 13529
3209 18670
3210 15704
3211 3410
3211 11678
3212 9026
3214 7044
3214 13584
3214 14589
3215 6611
3215 8968
3215 19088
3216 7240
3217 14155
3218 3976
3218 4292
3218 5136
3218 5168
3218 5614
3218 5774
3218 6467
3218 6854
3218 8646
3218 8682
3218 9115
3218 9497
3218 12256
3218 12563
3218 14184
3218 14326
3218 14886
3218 15807
3218 16001
3218 16319
3218 16652
3218 19000
3219 17155
3220 12727
3221 18399
3222 16004
3223 6697
3223 8236
3223 16282
3223 16676
3224 4615
3224 6250
3224 9803
3224 10839
3224 13507
3224 13550
3224 13659
3224 13748
3224 14007
3224 14523
3224 15976
3224 19496
3225 4077
3225 5639
3226 6273
3226 10568
3227 3794
3227 10181
3227 10471
3228 8561
3228 9256
3228 9765
3228 16070
3228 18946
3229 5968
3229 6081
3229 6798
3229 6872
3229 8947
3229 9519
3229 9797
3229 11084
3229 11188
3229 11275
3229 11475
3229 11816
3229 12738
3229 13549
3229 14454
3229 15356
3229 17205
3229 18216
3229 18874
3229 19035
3230 16779
3231 3683
3232 6086
3232 6411
3232 7452
3232 10883
3232 17019
3232 17025
3232 17026
3232 17687
3232 18623
3233 17192
3234 6448
3236 12678
3236 17724
3237 12643
3237 17771
3238 4876
3239 3370
3239 5104
3239 8125
3239 9416
3239 12472
3239 16355
3239 17165
3240 6923
3240 7366
3240 12369
3240 15640
3240 15711
3240 16167
3240 16560
3240 16731
3240 18558
3240 19020
3241 3496
3241 3829
3241 6764
3241 8546
3241 9053
3241 9167
3241 12123
3241 16625
3241 17562
3241 17577
3241 18041
3241 18560
3242 5365
3244 4613
3244 5348
3244 6628
3244 7366
3244 7445
3244 8175
3244 8248
3244 8719
3244 9471
3244 10944
3244 12164
3244 12259
3244 12352
3244 12488
3244 13292
3244 13558
3244 13945
3244 14665
3244 14816
3244 15087
3244 15142
3244 16497
3244 16506
3244 16683
3244 17456
3244 18438
3244 18849
3245 9343
3245 9708
3245 14742
3245 16358
3245 18962
3246 9814
3246 14315
3246 15804
3247 5515
3248 11759
3249 4340
3249 4520
3249 6656
3249 7407
3249 7862
3249 8090
3249 8192
3249 8664
3249 8974
3249 9181
3249 9983
3249 10258
3249 10441
3249 10631
3249 10651
3249 12564
3249 14080
3249 16211
3249 16213
3249 17892
3249 18069
3249 18767
3250 12789
3252 13505
3252 13883
3252 17221
3253 7056
3253 18911
3254 10205
3254 17418
3255 3761
3255 3799
3255 4798
3255 4861
3255 5087
3255 12134
3255 12738
3255 13068
3255 14231
3255 18889
3255 18936
3256 16974
3257 9877
3257 18791
3258 8005
3259 11084
3260 17771
3260 18502
3261 15253
3262 12955
3264 11739
3265 8626
3266 11820
3266 13839
3267 7780
3267 18119
3268 17273
3269 12545
3269 14845
3270 9061
3270 11469
3270 16033
3271 5159
3271 7716
3271 7720
3271 8772
3271 11016
3271 16100
3272 3478
3272 13301
3273 3629
3273 4429
3273 4745
3273 5076
3273 5487
3273 5698
3273 6363
3273 6771
3273 6809
3273 7032
3273 7994
3273 8497
3273 8802
3273 9527
3273 11005
3273 11106
3273 11848
3273 12498
3273 12561
3273 12682
3273 13140
3273 15266
3273 15728
3273 15737
3273 15900
3273 16778
3273 17493
3273 18175
3273 18304
3273 19059
3273 19424
3273 19598
3274 13068
3275 4192
3275 6501
3275 7096
3275 14832
3276 14698
3277 11805
3277 16100
3278 12948
3278 13557
3278 14721
3279 3544
3279 5921
3279 5968
3279 6511
3279 6800
3279 7124
3279 8236
3279 8555
3279 8998
3279 10809
3279 13261
3279 14385
3279 14626
3279 17205
3279 17701
3279 17901
3279 18294
3279 18347
3279 18725
3280 12457
3280 14288
3280 14777
3281 10595
3281 12019
3281 13369
3281 15945
3281 18754
3283 9877
3284 5104
3284 9808
3284 11262
3284 12019
3284 15840
3284 17989
3285 4152
3285 4315
3285 4771
3285 5568
3285 5997
3285 9081
3285 9289
3285 9921
3285 12178
3285 14603
3285 16543
3285 16544
3285 16546
3285 18733
3285 18907
3285 19186
3286 3316
3286 3352
3286 3512
3286 3846
3286 5016
3286 7211
3286 7495
3286 8415
3286 10227
3286 12027
3286 14003
3286 14192
3286 14277
3286 14298
3286 16214
3286 16541
3286 16579
3286 16723
3286 19122
3287 4632
3287 4837
3287 6256
3287 6452
3287 6812
3287 8336
3287 9128
3287 9375
3287 9523
3287 10839
3287 11213
3287 11214
3287 11830
3287 13275
3287 13388
3287 13659
3287 14007
3287 14248
3287 14320
3287 14523
3287 17046
3287 17434
3287 18265
3287 18659
3287 18762
3287 19550
3288 13336
3289 6048
3289 7377
3289 16873
3290 16770
3291 18178
3292 15984
3293 7210
3293 17029
3294 18430
3295 3754
3296 10966
3296 13605
3297 9215
3298 7136
3298 11299
3299 12259
3300 3904
3300 7245
3300 8452
3300 10527
3300 17659
3300 18181
3300 18866
3301 10992
3301 15325
3301 19574
3303 7360
3303 7398
3303 18050
3303 18373
3304 14923
3305 9943
3306 6833
3306 7297
3306 10575
3307 4680
3307 5906
3307 6411
3307 7531
3307 9548
3307 11024
3307 11034
3307 11450
3307 11960
3307 16687
3307 17019
3307 17025
3307 17026
3307 17388
3307 19269
3309 7035
3309 9248
3309 9456
3309 13378
3309 17401
3309 18896
3310 16748
3311 18216
3312 8220
3313 16443
3314 17582
3315 12786
3315 17273
3316 4895
3316 11409
3316 14754
3317 10943
3317 13394
3318 18729
3319 8030
3319 11595
3320 15572
3321 7821
3322 5108
3322 9857
3322 17463
3323 10065
3324 18731
3325 12247
3326 7360
3326 14044
3326 14045
3327 4080
3327 6125
3327 8526
3327 9458
3327 10055
3327 10173
3327 12959
3327 15191
3327 15568
3327 15740
3327 16804
3327 18170
3328 15982
3329 7821
3330 3598
3330 8893
3331 5029
3331 5596
3331 6648
3331 7841
3331 9669
3331 9881
3331 11372
3331 11631
3331 11633
3331 11892
3331 11894
3331 13057
3331 13213
3331 13616
3331 13771
3331 14912
3331 15864
3331 16365
3331 18258
3331 18825
3331 18957
3332 6040
3332 8134
3332 8484
3332 10273
3332 14403
3332 17366
3332 18577
3333 3918
3333 4400
3333 4445
3333 5348
3333 6077
3333 6120
3333 7130
3333 7399
3333 8919
3333 9490
3333 9519
3333 10225
3333 10265
3333 10279
3333 11084
3333 11113
3333 11665
3333 13620
3333 14284
3333 14317
3333 15044
3333 17255
3333 17901
3333 18744
3333 18832
3333 18967
3334 17380
3335 3984
3335 16670
3336 5375
3336 6509
3336 11304
3337 5126
3337 5839
3337 7665
3337 8352
3337 8859
3337 10275
3337 11125
3337 11334
3337 11442
3337 12904
3337 13737
3337 16951
3337 17170
3337 18728
3338 3891
3340 6204
3340 10423
3340 17248
3340 18735
3341 16637
3342 4939
3342 8862
3342 12253
3342 15852
3343 17122
3343 17198
3345 17399
3346 3531
3346 13525
3346 18768
3347 15155
3347 16282
3348 17194
3350 3401
3350 3412
3350 4132
3350 5221
3350 5810
3350 9487
3350 9952
3350 11016
3350 11431
3350 11894
3350 12664
3350 16329
3350 16648
3351 4846
3351 8696
3351 11810
3352 12019
3352 17924
3352 18765
3353 10568
3354 17176
3355 4532
3356 16523
3357 5716
3357 10388
3357 13114
3358 8232
3358 10141
3358 12286
3358 12739
3358 15919
3358 18694
3358 18952
3359 9959
3360 15550
3361 3540
3361 3715
3361 3817
3361 7691
3361 9078
3361 10265
3361 13121
3361 15794
3362 17910
3364 10103
3364 16282
3365 4375
3365 7264
3365 8372
3365 11390
3365 17982
3366 9943
3366 11386
3367 8803
3369 3451
3369 8236
3369 8741
3369 18347
3370 5569
3370 7476
3370 7830
3370 8497
3370 18910
3371 15008
3371 16128
3372 3451
3372 7113
3372 13301
3372 17933
3372 18728
3374 4863
3374 8885
3374 9884
3374 18893
3375 9568
3376 7733
3376 9873
3376 10776
3376 12573
3376 15713
3377 3781
3377 5898
3378 4942
3379 15025
3380 17153
3381 10734
3382 7899
3383 11717
3383 12512
3383 16684
3383 16887
3384 4450
3384 7136
3384 18847
3385 5887
3385 8696
3385 10687
3385 10977
3385 11024
3385 11604
3385 16538
3385 18314
3385 18956
3386 5661
3387 16214
3389 7136
3389 7782
3389 7836
3389 10741
3389 17926
3389 18847
3390 5899
3390 8570
3390 10304
3390 10427
3390 12552
3390 15577
3390 18743
3391 4152
3391 5290
3391 8356
3391 14997
3392 16570
3393 5089
3393 11424
3395 11052
3396 3579
3396 14857
3396 17538
3397 10051
3397 10162
3398 13322
3399 3577
3399 11762
3399 15663
3399 18839
3400 15182
3402 12019
3403 13541
3403 18809
3404 17328
3405 4727
3405 9460
3405 9671
3405 10118
3405 10351
3405 10407
3405 10764
3405 10860
3405 13234
3405 13329
3405 13374
3405 14657
3405 15325
3405 16029
3405 16299
3405 16452
3405 17756
3405 19507
3406 11140
3406 15577
3407 4533
3407 10265
3407 10422
3407 16033
3407 19587
3408 4544
3408 4546
3408 5972
3408 8201
3408 9087
3408 9342
3408 10198
3408 10397
3408 10633
3408 11055
3408 11228
3408 12542
3408 14175
3408 14305
3408 18094
3409 18770
3410 6062
3410 7197
3410 7652
3410 9197
3410 9331
3410 14796
3410 17682
3410 17841
3410 19261
3411 4540
3412 4275
3412 7716
3412 7720
3412 8687
3412 11016
3413 9447
3414 3607
3414 4237
3414 7659
3414 11359
3414 12655
3415 11456
3416 4689
3417 10600
3418 11469
3419 4297
3419 7312
3419 10629
3419 13278
3419 19557
3420 9910
3420 18964
3421 6907
3421 12260
3422 11923
3423 5899
3425 5654
3425 12458
3425 12468
3426 4923
3427 3577
3427 15663
3428 11725
3429 7636
3429 8165
3429 8561
3429 13756
3429 14768
3429 18946
3431 6131
3432 8572
3433 5375
3434 12105
3435 13675
3435 14194
3436 5906
3437 8464
3438 11524
3439 4045
3439 11586
3439 12678
3439 14353
3439 17439
3439 17724
3440 9033
3440 10304
3440 10427
3440 15577
3441 3523
3441 3556
3441 3930
3441 4544
3441 5754
3441 5756
3441 5908
3441 7115
3441 7784
3441 7842
3441 8024
3441 8912
3441 9014
3441 9083
3441 9536
3441 9672
3441 9967
3441 10128
3441 10256
3441 10754
3441 10896
3441 11902
3441 12054
3441 12349
3441 12439
3441 13324
3441 13844
3441 14008
3441 15117
3441 15250
3441 17616
3441 18709
3441 18929
3441 19680
3442 16676
3445 16649
3446 3609
3447 5550
3447 7284
3447 16528
3448 14353
3449 19042
3450 18430
3451 7324
3451 7830
3451 9659
3451 10370
3451 13301
3451 13709
3451 14837
3451 15130
3451 15237
3451 16486
3451 17146
3451 17701
3451 17825
3451 17933
3452 6578
3452 12066
3453 5018
3453 5784
3453 6715
3453 10773
3453 10794
3453 11024
3453 11450
3453 12368
3453 14556
3453 17308
3453 18281
3453 19140
3454 9877
3455 14893
3456 13188
3457 5661
3457 6164
3457 10376
3457 11923
3457 12192
3457 13623
3457 17153
3459 11748
3460 7117
3461 15571
3461 16513
3461 16533
3461 18576
3462 12019
3463 15110
3464 12448
3465 15159
3466 11554
3466 13675
3466 18673
3467 9595
3468 6242
3468 7992
3468 18966
3469 3721
3469 4924
3469 15729
3470 3800
3471 9725
3472 3590
3472 18589
3473 10173
3475 15462
3476 10744
3477 15481
3478 4594
3478 4884
3478 10931
3478 11835
3478 11940
3478 13620
3478 16729
3479 8626
3480 12019
3481 7854
3481 10227
3481 12979
3483 10285
3483 14194
3483 16128
3484 10270
3484 10285
3484 12354
3484 12968
3485 5103
3485 10859
3485 15079
3485 16128
3486 14519
3487 15253
3487 16523
3488 9943
3488 11386
3489 4546
3489 13675
3489 15008
3490 15984
3491 9409
3491 11084
3491 14727
3491 17649
3492 9989
3492 12421
3492 13609
3492 16031
3492 17337
3493 3567
3493 5471
3493 7352
3493 8444
3493 11454
3493 14119
3493 14956
3493 15821
3493 16541
3493 16579
3493 18825
3493 19005
3493 19323
3494 5507
3494 17192
3495 6273
3495 12678
3496 5038
3496 6078
3496 8544
3496 9167
3496 9805
3496 12152
3496 12758
3496 14862
3496 15813
3496 16625
3496 19198
3497 3531
3497 4895
3498 5699
3499 16593
3500 7021
3501 12720
3501 14603
3501 15305
3502 3674
3502 4007
3502 5212
3503 13703
3504 14031
3505 4702
3505 6141
3505 6901
3505 7579
3505 8498
3505 8701
3505 8947
3505 9839
3505 9989
3505 10443
3505 10540
3505 12000
3505 13597
3505 14383
3505 15925
3505 18732
3506 10857
3507 7754
3508 9988
3509 7774
3509 13717
3509 16676
3509 18614
3510 5442
3511 10440
3516 12559
3517 4810
3517 6051
3517 8094
3517 8262
3517 9229
3517 9965
3517 10420
3517 10684
3517 13440
3517 13651
3517 14519
3517 15221
3517 15325
3517 16257
3517 16294
3517 19212
3519 3543
3520 7832
3520 13980
3520 14893
3522 11456
3522 15155
3522 17255
3523 5908
3523 7842
3523 9014
3523 13940
3523 16826
3524 5569
3524 6075
3524 13787
3524 14371
3524 15999
3524 16361
3524 16685
3524 17731
3524 18471
3524 18794
3525 6642
3526 15572
3526 18411
3527 19101
3531 3855
3531 3962
3531 4149
3531 4914
3531 5327
3531 5446
3531 5549
3531 5638
3531 6020
3531 6355
3531 6403
3531 8053
3531 8056
3531 8493
3531 9128
3531 10165
3531 10276
3531 10455
3531 10537
3531 11449
3531 11817
3531 12194
3531 12517
3531 12566
3531 12768
3531 13287
3531 13723
3531 15806
3531 16026
3531 16340
3531 16537
3531 16863
3531 17426
3531 17513
3531 18797
3531 19028
3531 19649
3532 7010
3532 11386
3533 8879
3534 8005
3534 10600
3535 8537
3535 11099
3535 14893
3536 6345
3537 10471
3538 4552
3538 10232
3538 15020
3539 5375
3540 3715
3540 3930
3540 3931
3540 5293
3540 5796
3540 6655
3540 7994
3540 8116
3540 8962
3540 9510
3540 9989
3540 10896
3540 11188
3540 11275
3540 11533
3540 13140
3540 13162
3540 13844
3540 14357
3540 14414
3540 15491
3540 15828
3540 16129
3540 17616
3540 18864
3541 6092
3541 12457
3542 12206
3543 3741
3543 5158
3543 7637
3543 7954
3543 8372
3543 8509
3543 9085
3543 11938
3543 14323
3543 18866
3544 4181
3544 5340
3544 5440
3544 6692
3544 6798
3544 6901
3544 7154
3544 7240
3544 8947
3544 9056
3544 10373
3544 10540
3544 11115
3544 11665
3544 11771
3544 11823
3544 11893
3544 14317
3544 15788
3544 17193
3544 18402
3545 12145
3545 12298
3546 7665
3546 9083
3547 5930
3548 15735
3549 8264
3550 13083
3550 14698
3551 6377
3552 4067
3553 17057
3554 4133
3554 4262
3554 6923
3554 12734
3554 18753
3556 8024
3556 8555
3556 9014
3556 9083
3556 9564
3556 10256
3556 18843
3557 19032
3558 3756
3558 7258
3558 17194
3558 18411
3560 6511
3560 14988
3560 17932
3561 15538
3563 11381
3564 3781
3565 15943
3565 17929
3566 18893
3567 4411
3567 7496
3567 8406
3567 10796
3567 12019
3567 12259
3567 16597
3567 16703
3568 5524
3568 5908
3568 7691
3568 7842
3568 15468
3568 18216
3568 18315
3569 7852
3570 4283
3570 5596
3570 6022
3570 9965
3570 11496
3570 16188
3571 16376
3571 18925
3572 9046
3572 15161
3573 4086
3573 4181
3573 7150
3573 7665
3573 9083
3573 10397
3573 13717
3573 14305
3573 16129
3573 17483
3573 18670
3573 18889
3574 3592
3574 5063
3574 5113
3574 7629
3574 8722
3574 9777
3574 9942
3574 15756
3574 16531
3574 17535
3574 19554
3575 5375
3575 15253
3576 3965
3576 3982
3576 8486
3576 11694
3576 12211
3576 13700
3576 13822
3576 16178
3576 18776
3576 18833
3577 3849
3577 5005
3577 5288
3577 6833
3577 6939
3577 7165
3577 7796
3577 9322
3577 10214
3577 11450
3577 12513
3577 13824
3577 14246
3577 14544
3577 14632
3577 15627
3577 15663
3577 16665
3577 16724
3577 17246
3577 17405
3577 17911
3577 17928
3577 18084
3577 18230
3577 18703
3577 18736
3577 18839
3577 19032
3577 19489
3578 6441
3579 4156
3579 4488
3579 7144
3579 9203
3579 9416
3579 9920
3579 10769
3579 11677
3579 12367
3579 16144
3580 18731
3581 6642
3582 5506
3582 10769
3582 11226
3582 12502
3582 13828
3582 14651
3582 16134
3582 16428
3582 16718
3582 17807
3582 18029
3582 18664
3583 5054
3583 7301
3583 15155
3584 15467
3585 15741
3586 9777
3587 4077
3587 5661
3588 11173
3589 8561
3590 3646
3590 4537
3590 6439
3590 8668
3590 10852
3590 12904
3590 14634
3590 16115
3590 17671
3590 19050
3591 18199
3592 9942
3592 14025
3592 15646
3593 3754
3593 11211
3594 4991
3595 10425
3597 5643
3598 5299
3598 5620
3598 9426
3598 14831
3598 14922
3598 16076
3599 5587
3599 13322
3599 16405
3600 11262
3600 12126
3601 4331
3601 5224
3601 5467
3601 6603
3601 16284
3602 4309
3602 5891
3602 8170
3602 17774
3603 4581
3604 4644
3604 9024
3604 11614
3604 14624
3605 4192
3606 16770
3606 17415
3607 3956
3607 4198
3607 5467
3607 5808
3607 7639
3607 7659
3607 8629
3607 9906
3607 11866
3607 12655
3607 13337
3607 14637
3607 17587
3609 6715
3609 11154
3609 11372
3609 11894
3609 15864
3609 18435
3610 7168
3611 14726
3614 9651
3615 4411
3615 6725
3616 18873
3617 4439
3617 5982
3617 8044
3617 8536
3617 15007
3617 19217
3617 19253
3618 14649
3619 5585
3619 5587
3619 5728
3619 5985
3619 7031
3619 11277
3619 17464
3620 18614
3621 10427
3622 10247
3623 12568
3623 14777
3624 4411
3624 6797
3624 14443
3625 11751
3626 7789
3628 9059
3629 6771
3629 14742
3630 3896
3630 6603
3630 6642
3630 9086
3630 9453
3630 12187
3630 14181
3630 14735
3630 15606
3630 16966
3631 3731
3631 3783
3631 4604
3631 6890
3631 7794
3631 7812
3631 9435
3631 13929
3631 17881
3632 8093
3632 15361
3632 15721
3633 8028
3634 5152
3634 5564
3634 7056
3634 7883
3634 9775
3634 10471
3634 12612
3634 14586
3634 14622
3634 17911
3634 18453
3634 19010
3635 4537
3635 5178
3635 5595
3635 7156
3635 12903
3635 16003
3635 17111
3636 4240
3637 13336
3638 3878
3639 11678
3640 4261
3640 8003
3640 9191
3640 10282
3640 15571
3641 4998
3641 10254
3642 8651
3642 13142
3642 16816
3643 17961
3644 4625
3644 12960
3644 16415
3645 10254
3646 10440
3646 17814
3646 19035
3647 8498
3647 11800
3648 13980
3649 8696
3649 10844
3649 12036
3649 12075
3649 15883
3649 15954
3650 12839
3651 7861
3651 9877
3651 10857
3651 11141
3651 15884
3652 4922
3653 5029
3653 8372
3653 9266
3653 11372
3653 11894
3653 13865
3653 15239
3653 15864
3654 5207
3654 7123
3654 12514
3654 14008
3654 18728
3654 18742
3655 11355
3656 3716
3658 3674
3658 7780
3658 8980
3658 12256
3658 12552
3658 14110
3659 18370
3660 4194
3660 8352
3662 8685
3663 4016
3663 4120
3663 4844
3663 4918
3663 5557
3663 6211
3663 6508
3663 6851
3663 8669
3663 9592
3663 9751
3663 10535
3663 12706
3663 12883
3663 14483
3663 15585
3663 15915
3663 16263
3663 18993
3664 14207
3664 14654
3665 8028
3665 11762
3665 14105
3665 15663
3665 18087
3665 18839
3666 11895
3667 3695
3667 4281
3667 4402
3667 4421
3667 6565
3667 6691
3667 7379
3667 7711
3667 8834
3667 8896
3667 10087
3667 10088
3667 10932
3667 12747
3667 12877
3667 15498
3667 17687
3667 18145
3667 18623
3667 18867
3667 18897
3667 18898
3667 18977
3668 4206
3669 9877
3671 7776
3671 10184
3671 11080
3671 15385
3671 16179
3672 12673
3673 7438
3673 7790
3673 8527
3673 9942
3673 14173
3673 17875
3674 7959
3674 8609
3674 9208
3674 9320
3674 11450
3674 12256
3674 17027
3675 7838
3675 10457
3676 4181
3677 6763
3677 7091
3677 7092
3677 9097
3677 11450
3677 12973
3677 14076
3677 14484
3677 16057
3677 17800
3678 4876
3679 9223
3679 14825
3679 17344
3679 18307
3680 18841
3681 16367
3681 16426
3683 4149
3683 4371
3683 6787
3683 6795
3683 8317
3683 8529
3683 8837
3683 9662
3683 10552
3683 10727
3683 10899
3683 11067
3683 11151
3683 11375
3683 11450
3683 12197
3683 12356
3683 13141
3683 13550
3683 13630
3683 13748
3683 14521
3683 14992
3683 15042
3683 15347
3683 15642
3683 15945
3683 16221
3683 16952
3683 17275
3683 17810
3683 17811
3683 18942
3683 18994
3683 19164
3684 5463
3685 9470
3686 12066
3686 18680
3687 6043
3687 12019
3688 5430
3689 16211
3690 9249
3690 12876
3691 3940
3691 7584
3691 10679
3691 14829
3691 16154
3691 16591
3691 16684
3691 16805
3691 17153
3691 17965
3691 18652
3691 18973
3692 6342
3692 8629
3692 11936
3692 18760
3692 18811
3693 5666
3693 7336
3693 10377
3693 10956
3693 11085
3693 11305
3693 12432
3693 16935
3693 18405
3695 4513
3695 5335
3695 7103
3695 7320
3695 9332
3695 10941
3695 11674
3695 11872
3695 12332
3695 12487
3695 13704
3695 14305
3695 16501
3695 18558
3695 19126
3695 19437
3696 18502
3697 7838
3698 11244
3699 6813
3699 18625
3700 8656
3701 3728
3701 17664
3701 18910
3702 3953
3702 4002
3702 4488
3702 5680
3702 6969
3702 10554
3702 11764
3702 12415
3702 14533
3702 15325
3702 17505
3702 18998
3703 3878
3703 17178
3704 18735
3705 5817
3705 9998
3705 12002
3705 12335
3705 14707
3705 15125
3705 15431
3705 16658
3706 4240
3707 16622
3708 15952
3708 18199
3709 6319
3709 11654
3709 15659
3710 15937
3711 5522
3712 18743
3713 3841
3713 3940
3713 4522
3713 5350
3713 5934
3713 6958
3713 6994
3713 7074
3713 7281
3713 8372
3713 9076
3713 11894
3713 12664
3713 13618
3713 14003
3713 14238
3713 14510
3713 14737
3713 17308
3713 17424
3713 18472
3713 18774
3713 19436
3714 8157
3714 12121
3714 12316
3715 4095
3715 4927
3715 5356
3715 5440
3715 5796
3715 6901
3715 7583
3715 7691
3715 9078
3715 10436
3715 10540
3715 11188
3715 13121
3715 13511
3715 13719
3715 13931
3715 14312
3715 15780
3715 15828
3715 16778
3715 16853
3715 16951
3715 17183
3715 18722
3715 18802
3715 18912
3716 5951
3716 9409
3716 9471
3716 10379
3716 12228
3716 12439
3716 13632
3716 15713
3716 17649
3716 18849
3717 12019
3718 7896
3719 10163
3719 18630
3720 10818
3721 3800
3721 4218
3721 4581
3721 5635
3721 7617
3721 8727
3721 9319
3721 11024
3721 13203
3721 13286
3721 17718
3721 17780
3722 13473
3723 14396
3724 8707
3725 15578
3726 4544
3726 10440
3727 4849
3727 4942
3727 10568
3727 12827
3728 3998
3728 6514
3728 7195
3728 9274
3728 11727
3728 14907
3728 15484
3728 16534
3728 18271
3729 5075
3729 14726
3729 18872
3730 4897
3730 5384
3731 17155
3731 17415
3731 18900
3732 6242
3733 7239
3733 11412
3733 12571
3733 14950
3733 15864
3733 18497
3735 11526
3735 14988
3736 16500
3738 8382
3738 8662
3738 9491
3738 10769
3738 11091
3738 11110
3738 11392
3738 13046
3738 13299
3738 13717
3738 14651
3738 18159
3738 19483
3739 11366
3740 7021
3742 13118
3743 7254
3743 8755
3743 10091
3743 14834
3743 18966
3744 7136
3744 7782
3744 7836
3744 10292
3744 12555
3745 8870
3745 11810
3745 12893
3745 17251
3746 9249
3746 13677
3746 15735
3747 4865
3747 8526
3747 8593
3747 10219
3747 14397
3747 15922
3748 8426
3748 17649
3748 19029
3749 8288
3751 18811
3752 3753
3753 4026
3753 4818
3753 7135
3753 9187
3753 9486
3753 14498
3753 14885
3753 14911
3753 17016
3753 17402
3754 6838
3754 9646
3754 9672
3754 10754
3754 12926
3754 14821
3754 15841
3754 17333
3754 17477
3754 17988
3754 18728
3754 19259
3755 11239
3756 4389
3756 4663
3756 4885
3756 4938
3756 5374
3756 5491
3756 5533
3756 8138
3756 8244
3756 9154
3756 10045
3756 10348
3756 14066
3756 14198
3756 14270
3756 14632
3756 16010
3756 16233
3756 18411
3756 18436
3756 18685
3757 6105
3757 6288
3757 7180
3757 7866
3757 9473
3757 10301
3757 12019
3757 13466
3757 15664
3757 16748
3757 16965
3757 17401
3757 18518
3758 8058
3759 6224
3760 11201
3760 15301
3761 13068
3762 5994
3762 10620
3763 6443
3763 16313
3763 19113
3764 16528
3764 18903
3765 5899
3766 16214
3767 9256
3767 9765
3768 12304
3769 6107
3770 14467
3771 10103
3772 4601
3772 6700
3772 8153
3772 8687
3772 11372
3772 11701
3772 11894
3772 15864
3773 4585
3773 5681
3773 6893
3773 6946
3773 7015
3773 8675
3773 9950
3773 10443
3773 10750
3773 10906
3773 11369
3773 11533
3773 12691
3773 12787
3773 13331
3773 13432
3773 13817
3773 14931
3773 15928
3773 16102
3773 16362
3773 18746
3773 19108
3775 12655
3776 12512
3777 4717
3778 16523
3779 8655
3779 15734
3780 4043
3780 9992
3781 4580
3781 4803
3781 5045
3781 5048
3781 6243
3781 6483
3781 7481
3781 7585
3781 7776
3781 8271
3781 8308
3781 10184
3781 10949
3781 11138
3781 11447
3781 15954
3781 17244
3781 19019
3782 4835
3782 5394
3782 5969
3782 6806
3782 7100
3782 8340
3782 9942
3782 10141
3782 11936
3782 12199
3782 12361
3782 12579
3782 12713
3782 13068
3782 13160
3782 13491
3782 14756
3782 16531
3782 17454
3782 18255
3782 18694
3782 18952
3782 19125
3784 4929
3785 10170
3785 15596
3786 6166
3787 14649
3788 9808
3789 18768
3790 14147
3790 17653
3791 5470
3791 7979
3791 7992
3792 17494
3793 6517
3793 8296
3793 8384
3793 10804
3793 11240
3793 13185
3793 14727
3793 15893
3794 6961
3794 8094
3794 15031
3795 10181
3796 8193
3798 8608
3799 7561
3799 8005
3799 10442
3799 10600
3799 13068
3800 4841
3800 5176
3800 6218
3800 9197
3800 12513
3800 13203
3800 14608
3800 15533
3800 16113
3800 16776
3800 17462
3800 17780
3800 18447
3800 19254
3800 19636
3800 19650
3801 4315
3801 6975
3801 10595
3801 13807
3802 8567
3803 18765
3804 5711
3805 4862
3805 6411
3805 7452
3805 9921
3805 12350
3805 12755
3805 13078
3805 13908
3805 14348
3805 15498
3805 15926
3805 16546
3805 16687
3805 17019
3805 17025
3805 17026
3805 17641
3805 18093
3807 17724
3808 13118
3809 9484
3809 10982
3810 6656
3810 17399
3810 17943
3811 8608
3812 5661
3813 16918
3814 15159
3816 14216
3817 10158
3817 12905
3817 14821
3818 7754
3818 10264
3820 6684
3821 10308
3821 17133
3822 6511
3822 10308
3823 4305
3823 12734
3823 13169
3824 14845
3824 18589
3825 4218
3825 12802
3825 13835
3826 4529
3827 9842
3830 5587
3831 3956
3831 3985
3831 4263
3831 4955
3831 6185
3831 6440
3831 6511
3831 6555
3831 6760
3831 7393
3831 7654
3831 8382
3831 8396
3831 8971
3831 9199
3831 9203
3831 9359
3831 9529
3831 9801
3831 9806
3831 10372
3831 10746
3831 10748
3831 10769
3831 11507
3831 11596
3831 12252
3831 12367
3831 12422
3831 12573
3831 13288
3831 14305
3831 14651
3831 14821
3831 14846
3831 15167
3831 15591
3831 15592
3831 15783
3831 16541
3831 17280
3831 17332
3831 18029
3831 18341
3831 19289
3834 10865
3835 8763
3837 4924
3838 4938
3839 10425
3839 13086
3839 16152
3839 17194
3840 5402
3840 15841
3841 8834
3842 4876
3843 8405
3844 5386
3846 5669
3846 5679
3846 6026
3846 6256
3846 7495
3846 8053
3846 10227
3846 12027
3846 13983
3846 14003
3846 14612
3846 15913
3846 17308
3846 18005
3846 19122
3848 5983
3848 6264
3848 6760
3848 6938
3848 6965
3848 7706
3848 8066
3848 9611
3848 10776
3848 11207
3848 11517
3848 13443
3848 14947
3848 16087
3848 16219
3848 17596
3848 18301
3849 15663
3850 13482
3851 12019
3851 17365
3852 10990
3853 5852
3853 6093
3853 9292
3853 10829
3853 12452
3853 18517
3853 18838
3854 9296
3855 4895
3855 18768
3856 6273
3857 9366
3858 4733
3858 6296
3858 7180
3858 11752
3858 15664
3858 16965
3858 18646
3858 19003
3860 4929
3860 6245
3860 7553
3860 7979
3860 7992
3860 9451
3860 9463
3860 14265
3861 13332
3862 5198
3863 17943
3864 10824
3865 9120
3866 15572
3867 4863
3867 9884
3868 10857
3868 17656
3869 17418
3869 18973
3871 4874
3871 8030
3871 15978
3872 4878
3872 16367
3873 7243
3874 6565
3874 7120
3874 13807
3875 16229
3875 17876
3876 10204
3876 10874
3876 13306
3876 16347
3877 14791
3878 3970
3878 6492
3878 8849
3878 9180
3878 9437
3878 10823
3878 10892
3878 11185
3878 11737
3878 12163
3878 13414
3878 13946
3878 14214
3878 16754
3879 12592
3880 9846
3881 16477
3883 17813
3884 16541
3885 3983
3885 9808
3886 4540
3886 4846
3886 8707
3886 9865
3886 11312
3886 11604
3886 14223
3886 19032
3888 6273
3888 12678
3888 16770
3888 18399
3890 8009
3890 10319
3890 12643
3890 13795
3890 15479
3892 6813
3893 13964
3894 6190
3895 7037
3895 7780
3895 9019
3895 11352
3895 11445
3895 13668
3895 16908
3896 11800
3897 18784
3898 4913
3899 4455
3899 13312
3899 14386
3900 5108
3900 11835
3900 17310
3900 18869
3901 13675
3902 7320
3903 13940
3903 13975
3905 6572
3905 6697
3905 10198
3906 9264
3906 11354
3907 9192
3907 13844
3908 4079
3908 7904
3908 8556
3908 11907
3908 12105
3908 17946
3909 4683
3909 5565
3909 6517
3909 6750
3909 8384
3909 11808
3909 14013
3909 14555
3909 15536
3909 15734
3909 16266
3909 16928
3909 19340
3911 17911
3911 19010
3912 16925
3915 4262
3916 12458
3918 4400
3918 4537
3918 4823
3918 4927
3918 5796
3918 6120
3918 6901
3918 7154
3918 7399
3918 8708
3918 9387
3918 10185
3918 10690
3918 11533
3918 11719
3918 12363
3918 13620
3918 15467
3918 15780
3918 16885
3918 19368
3919 7254
3919 8755
3919 14834
3920 18918
3921 4275
3922 4643
3922 5265
3922 5340
3922 8417
3922 8598
3922 9060
3922 9580
3922 9595
3922 11278
3922 11816
3922 14284
3922 15266
3922 17193
3923 5375
3923 5515
3923 7901
3923 10350
3923 10595
3923 12019
3923 13369
3923 13525
3923 14618
3923 15577
3923 15863
3923 15945
3923 18252
3923 18754
3924 17077
3925 8790
3926 7954
3926 9068
3926 10441
3926 12181
3926 13882
3926 16519
3926 19429
3927 5121
3927 6232
3927 9546
3927 14308
3927 18196
3928 13623
3928 15945
3929 4962
3929 5467
3929 5808
3929 8629
3929 9193
3929 9425
3929 10269
3929 12474
3929 13191
3929 14123
3929 15137
3929 15161
3929 15438
3929 18894
3930 4181
3930 5920
3930 6208
3930 6692
3930 7115
3930 7444
3930 7784
3930 8668
3930 8708
3930 9014
3930 9083
3930 9989
3930 10256
3930 10540
3930 10600
3930 11188
3930 11275
3930 11902
3930 12349
3930 13597
3930 18506
3930 18741
3930 18843
3931 4181
3931 6208
3931 6692
3931 7115
3931 7307
3931 7444
3931 8024
3931 8668
3931 8708
3931 8945
3931 9014
3931 9083
3931 9989
3931 10256
3931 10540
3931 10600
3931 11188
3931 11275
3931 11800
3931 11902
3931 12349
3931 13597
3931 15467
3931 18741
3931 18843
3932 14216
3933 4975
3934 6951
3934 17475
3935 5489
3935 12113
3935 13920
3935 17184
3935 19253
3936 14843
3937 16851
3938 18811
3939 11483
3939 12159
3940 7191
3940 10742
3940 13787
3940 14737
3940 17645
3940 18786
3941 14649
3942 4491
3942 8795
3942 9328
3942 9456
3942 10084
3942 10646
3942 11450
3942 13953
3942 14530
3942 16413
3942 16780
3943 7696
3943 15827
3943 18426
3944 4045
3944 8392
3945 6923
3945 16800
3946 5402
3946 13170
3946 15841
3947 10865
3948 7734
3948 16494
3949 9177
3950 6611
3950 7456
3951 8862
3951 12253
3952 3963
3952 7765
3952 10335
3953 6969
3955 8841
3955 9247
3955 11173
3956 4181
3956 4194
3956 13191
3956 14637
3956 17932
3958 10136
3959 7756
3960 8014
3960 19016
3961 5172
3961 15140
3961 15281
3961 15875
3961 17907
3963 4051
3963 5567
3963 10812
3963 11024
3963 14593
3963 16412
3963 16514
3963 19031
3965 6167
3965 8434
3965 11702
3965 14688
3965 14893
3965 19203
3966 9602
3966 13502
3967 14220
3968 18399
3969 8034
3969 13677
3970 12357
3971 4477
3971 4964
3971 5996
3971 6402
3971 7456
3971 8287
3971 9048
3971 10219
3971 11024
3971 13859
3971 14453
3971 15701
3971 18155
3972 15671
3972 18889
3973 8130
3977 16477
3978 11485
3979 4818
3979 14044
3979 14045
3980 16055
3981 14923
3983 4292
3983 4401
3983 5355
3983 5480
3983 5763
3983 6790
3983 7139
3983 8569
3983 8972
3983 11449
3983 11450
3983 14609
3983 14810
3983 17190
3983 17518
3983 18747
3983 19187
3984 6411
3984 6972
3984 9644
3984 9693
3984 11495
3984 12267
3984 12726
3984 13759
3984 14841
3984 15141
3984 15263
3984 15508
3984 17019
3984 17026
3984 17143
3984 19151
3985 9880
3985 11538
3985 15783
3985 15979
3987 12019
3987 18252
3988 5793
3989 10492
3990 16557
3991 10865
3992 4585
3992 6354
3992 6689
3992 6930
3992 7053
3992 7485
3992 10119
3992 11394
3992 11879
3992 12030
3992 14109
3992 14373
3992 15136
3992 17493
3993 9026
3993 10282
3994 7018
3996 17194
3997 15870
3999 18794
4001 14353
4001 14515
4002 6969
4003 7056
4004 13486
4006 13677
4007 6125
4007 6344
4007 6833
4007 8269
4007 9994
4007 11264
4007 12256
4007 14016
4007 14492
4007 15082
4007 15192
4007 16274
4007 16356
4007 17237
4007 18499
4008 10143
4008 11323
4008 17998
4009 12354
4010 7226
4010 11551
4010 11589
4010 11809
4010 13733
4010 16909
4010 17019
4011 5947
4011 18768
4012 11456
4013 13844
4015 11678
4016 5442
4016 12741
4016 18425
4017 5262
4017 7240
4017 10436
4018 16523
4019 18444
4020 7360
4020 10766
4020 15849
4021 5212
4021 11119
4022 4275
4023 9883
4024 13939
4025 17499
4026 11957
4026 12442
4027 11664
4027 11665
4027 13591
4027 15382
4028 12260
4029 7407
4029 7571
4030 14791
4031 13938
4031 16737
4033 5997
4033 11409
4033 11716
4033 13241
4033 15647
4033 17025
4033 17026
4033 17072
4033 18907
4034 6273
4034 7815
4035 10844
4036 15793
4037 4273
4038 5124
4038 10844
4038 11463
4038 15024
4039 8424
4039 15843
4040 12884
4040 17105
4041 14556
4042 10181
4042 15522
4042 16347
4043 4067
4043 4571
4043 4579
4043 5543
4043 6262
4043 6487
4043 7093
4043 7807
4043 8120
4043 9027
4043 9992
4043 11279
4043 12058
4043 13961
4043 15566
4043 15783
4043 15878
4043 16009
4043 18232
4044 8058
4045 7915
4045 8147
4045 8762
4045 11433
4045 12416
4045 13041
4045 14553
4045 14618
4045 15118
4045 16200
4045 16264
4045 16547
4045 17404
4045 18229
4045 18420
4045 18942
4045 19171
4046 18380
4047 7465
4049 17892
4051 5095
4051 5661
4051 7168
4051 7560
4051 8093
4051 8221
4051 11814
4051 12019
4051 13779
4051 14288
4051 14420
4051 16318
4051 17034
4051 17415
4051 17923
4051 18816
4051 18837
4052 10513
4053 5800
4054 11872
4055 11335
4056 4513
4056 5340
4056 5972
4056 6709
4056 8042
4056 8183
4056 9232
4056 9490
4056 9580
4056 11278
4056 13802
4056 14086
4056 14414
4056 14782
4056 16127
4056 16352
4056 18175
4056 18722
4056 18832
4056 18971
4057 6715
4057 9794
4057 11666
4057 11925
4058 4146
4058 4277
4058 4590
4058 4837
4058 4860
4058 5536
4058 5549
4058 5576
4058 6042
4058 6048
4058 6348
4058 6452
4058 6932
4058 7326
4058 8046
4058 8166
4058 8301
4058 8934
4058 9408
4058 9891
4058 10305
4058 10456
4058 10513
4058 10537
4058 10699
4058 11430
4058 11473
4058 11563
4058 11846
4058 12043
4058 12140
4058 13434
4058 14228
4058 14253
4058 14422
4058 14539
4058 14733
4058 16567
4058 16734
4058 17010
4058 17261
4058 17764
4058 18261
4059 17006
4060 12762
4061 14942
4062 13104
4063 11304
4063 17220
4064 5375
4064 8262
4064 10766
4064 14044
4064 14045
4065 5375
4065 5422
4067 6378
4067 6487
4067 7859
4067 10536
4067 18232
4068 15700
4069 5096
4070 4411
4070 6611
4070 9216
4070 13763
4071 12818
4072 6296
4072 18178
4073 9390
4073 9723
4073 12789
4073 18840
4074 10385
4074 16631
4074 19068
4075 5750
4075 13949
4076 11012
4077 4631
4077 4632
4077 4837
4077 5639
4077 5760
4077 6712
4077 8174
4077 9119
4077 10899
4078 10297
4081 10759
4081 12479
4082 18236
4084 11367
4084 11894
4084 12362
4084 12538
4084 14510
4085 6039
4085 11178
4086 4336
4086 5440
4086 6339
4086 9261
4086 10748
4086 11096
4086 11335
4086 11513
4086 11816
4086 12514
4086 14175
4086 15467
4086 15637
4086 15722
4086 18197
4086 18421
4086 18523
4086 18903
4086 18975
4086 19008
4087 17653
4089 18921
4090 11653
4091 16361
4092 10103
4092 18728
4093 14294
4094 17415
4095 4173
4095 4927
4095 5356
4095 5440
4095 5839
4095 7583
4095 8197
4095 13121
4095 13511
4095 15780
4095 15794
4095 18744
4096 9726
4097 10865
4098 6112
4098 13023
4098 14536
4098 17736
4099 4152
4099 6854
4099 9115
4099 11372
4099 11894
4099 12431
4099 13662
4099 13987
4099 14184
4099 14869
4099 15342
4099 16468
4099 17687
4103 4224
4103 6373
4103 10770
4103 12760
4103 13157
4103 13218
4103 14040
4103 16729
4103 17550
4103 17831
4104 11895
4104 13152
4105 7456
4106 16415
4108 7360
4110 15884
4111 4939
4111 5790
4112 5029
4112 5048
4112 8734
4112 17603
4112 18945
4113 7907
4113 11831
4113 15886
4113 16429
4113 19303
4114 12206
4115 13844
4115 17899
4116 9830
4116 12308
4117 6174
4117 11809
4117 12592
4117 17499
4118 13502
4118 17819
4119 12342
4119 15659
4119 16195
4121 13131
4121 18731
4122 7322
4123 7766
4124 8081
4125 5394
4125 16195
4126 8081
4127 4644
4128 13839
4129 10173
4129 15329
4129 17767
4130 5908
4130 7842
4130 9014
4130 13940
4130 16747
4130 18589
4131 5294
4131 6293
4131 6975
4131 7355
4132 4275
4133 4911
4133 4976
4133 5243
4133 5994
4133 6684
4133 7366
4133 8324
4133 8621
4133 11407
4133 12165
4133 14970
4133 15769
4133 16460
4133 16560
4133 18558
4133 18826
4134 9748
4134 15575
4135 4673
4135 7229
4135 9427
4135 14976
4135 17597
4136 18846
4137 6245
4138 10051
4138 10861
4138 10862
4138 15611
4139 18837
4140 11469
4140 18614
4140 18889
4141 4893
4142 4346
4142 5839
4142 8668
4142 9023
4142 9519
4142 10540
4142 10958
4142 14383
4142 15467
4142 18870
4143 4608
4143 7809
4143 8234
4143 9547
4143 9671
4143 13176
4143 14620
4143 15180
4143 15442
4143 15521
4143 16245
4143 17551
4144 6174
4144 9366
4144 18095
4144 18786
4145 13332
4145 13400
4145 18837
4147 6502
4147 7401
4147 8751
4147 13440
4147 14106
4147 14384
4147 14437
4148 9893
4148 12053
4148 13177
4148 13404
4148 13887
4148 14088
4149 4895
4149 5661
4149 6174
4149 8392
4149 8405
4149 9802
4149 9808
4149 12019
4149 12678
4149 13354
4149 13369
4149 13677
4149 14288
4149 14353
4149 14618
4149 14640
4149 15513
4149 15615
4149 15952
4149 16426
4149 16794
4149 18072
4149 18747
4149 18768
4150 4581
4150 5147
4150 5324
4150 5497
4150 5730
4150 7089
4150 9390
4150 9723
4150 12457
4150 12875
4150 14777
4150 15542
4150 15891
4152 4298
4152 4765
4152 4902
4152 5258
4152 5871
4152 6442
4152 7148
4152 8372
4152 8395
4152 8435
4152 8476
4152 8830
4152 9808
4152 10634
4152 11372
4152 11894
4152 12160
4152 12262
4152 13235
4152 13662
4152 14654
4152 15864
4152 16056
4152 16345
4152 16462
4152 16556
4152 16958
4152 17054
4152 18497
4152 18701
4152 18733
4154 17909
4155 9568
4155 19141
4156 12298
4156 16144
4157 6689
4157 10119
4158 10915
4158 14499
4159 18680
4160 8081
4161 4798
4161 7113
4161 9249
4161 11456
4161 11674
4161 14092
4161 14110
4161 14194
4161 15735
4161 17689
4161 18728
4162 6841
4163 7113
4164 4422
4164 4514
4164 8862
4164 10441
4165 7360
4165 7496
4165 14134
4165 14149
4165 14654
4166 16901
4167 8084
4167 11653
4167 19107
4168 11672
4168 18461
4169 18863
4170 6344
4170 8438
4170 14633
4170 16274
4170 17828
4171 9177
4172 5732
4172 7300
4172 8903
4172 11998
4172 15198
4173 7444
4173 8197
4173 8498
4173 8708
4173 10265
4173 11357
4173 11893
4173 12010
4173 14183
4173 15794
4173 17423
4176 15883
4177 6243
4177 7924
4177 10338
4177 12580
4177 12667
4177 17206
4177 17253
4177 17542
4178 17003
4179 8685
4181 4336
4181 5065
4181 5440
4181 5467
4181 5607
4181 6511
4181 6527
4181 7399
4181 7952
4181 8197
4181 8886
4181 9130
4181 9409
4181 9538
4181 10383
4181 10397
4181 10648
4181 10717
4181 12349
4181 13975
4181 14175
4181 14183
4181 15284
4181 15409
4181 15788
4181 16140
4181 17053
4182 8626
4183 14080
4184 6288
4184 10301
4184 12340
4184 12643
4184 13586
4184 14502
4184 14591
4184 15564
4185 18949
4186 7460
4186 9215
4186 10241
4186 10359
4186 10742
4186 13623
4186 14282
4186 15287
4186 16354
4186 18089
4186 18958
4186 19079
4187 6169
4187 9597
4187 17582
4188 16073
4189 12080
4190 13231
4190 14388
4190 17797
4191 14353
4192 6936
4192 10972
4192 14832
4192 15455
4192 18241
4193 4876
4193 6581
4193 7847
4193 14821
4193 15841
4193 17007
4194 4198
4194 4237
4194 4263
4194 4286
4194 4317
4194 4664
4194 5440
4194 5467
4194 5808
4194 6302
4194 7399
4194 7524
4194 8116
4194 8629
4194 9220
4194 10717
4194 10898
4194 11595
4194 12156
4194 13160
4194 14799
4194 15137
4194 15756
4194 15788
4194 15919
4194 16284
4194 16362
4194 16779
4194 17616
4194 18494
4194 18670
4194 19231
4195 8862
4196 5626
4196 6486
4196 10830
4196 13274
4197 6081
4197 6208
4197 7307
4197 8945
4197 9083
4197 10256
4197 11188
4197 11275
4197 11469
4197 11902
4197 12349
4197 16826
4197 18741
4197 18843
4198 5467
4198 9192
4198 9193
4198 12474
4198 13191
4199 10015
4200 6794
4200 14110
4200 16500
4200 18768
4201 17432
4202 9022
4204 5793
4205 18841
4206 5045
4206 6055
4206 6485
4206 9041
4206 12150
4206 12882
4206 18226
4206 18337
4206 18782
4206 19068
4207 9518
4209 9596
4209 12357
4209 16106
4210 5797
4210 18069
4211 18911
4212 5968
4212 8998
4212 11084
4212 12573
4212 14727
4212 17205
4212 18452
4212 18874
4213 17048
4214 5470
4214 7553
4214 7861
4214 7979
4214 7992
4214 8576
4214 8864
4214 9877
4214 10388
4214 10857
4214 11141
4214 12235
4214 12612
4214 14381
4214 15884
4214 18766
4214 19027
4215 13045
4215 16165
4216 7535
4216 16495
4216 18726
4217 8816
4217 12491
4218 8907
4218 15546
4218 18751
4219 4284
4219 13453
4220 15600
4221 4618
4221 5214
4221 5219
4221 5958
4221 6745
4221 6891
4221 7459
4221 7962
4221 8537
4221 9075
4221 10063
4221 10382
4221 10484
4221 10929
4221 11874
4221 12540
4221 13164
4221 14663
4221 17723
4221 17950
4222 5058
4222 7536
4222 8012
4222 8385
4222 9998
4222 11580
4222 12200
4222 12433
4222 12569
4222 12924
4222 13256
4222 14758
4222 15503
4222 15571
4222 15664
4222 15857
4222 16457
4222 16513
4222 16748
4222 16772
4222 17910
4222 18211
4222 18730
4222 18825
4222 18853
4224 14080
4224 17301
4225 4546
4225 14194
4225 16409
4226 4455
4226 4513
4227 16918
4228 12875
4230 19637
4231 14026
4231 17335
4232 6204
4232 10204
4232 15522
4232 15884
4233 7864
4233 10542
4234 4938
4234 11820
4235 17365
4236 4493
4237 4408
4237 4445
4237 4781
4237 5224
4237 5467
4237 5493
4237 7639
4237 8352
4237 10269
4237 11267
4237 11376
4237 11812
4237 11866
4237 13364
4237 13675
4237 14369
4237 15137
4237 16107
4237 16140
4237 17763
4237 18315
4237 18663
4237 18740
4237 18757
4237 18758
4237 18967
4238 6488
4238 7780
4238 8093
4238 12256
4238 12552
4238 12628
4238 16780
4239 6174
