1312 14812
1312 15167
1312 15783
1312 16354
1312 17616
1312 18801
1313 7058
1313 12589
1313 13479
1314 3613
1314 8208
1314 8373
1314 9049
1314 13062
1315 1576
1315 1582
1315 2264
1315 3302
1315 4063
1315 4108
1315 7076
1315 7084
1315 7360
1315 7398
1315 8625
1315 8652
1315 11648
1315 12071
1315 13628
1315 13924
1315 13981
1315 15544
1315 16198
1315 17220
1316 2898
1316 3190
1316 3249
1316 4458
1316 5672
1316 6650
1316 7445
1316 7862
1316 10258
1316 14275
1316 14315
1316 14360
1317 18411
1318 7398
1318 18373
1319 18811
1320 3082
1321 3093
1321 4833
1321 5364
1321 5367
1321 9031
1321 12002
1321 14141
1321 16342
1321 16658
1321 17760
1321 19246
1322 3531
1322 6794
1322 18768
1323 16775
1324 3146
1324 12628
1324 17936
1324 18743
1325 1971
1325 3634
1325 6035
1325 13668
1325 14840
1325 15802
1325 17670
1325 18649
1326 4340
1327 16327
1328 3171
1328 8348
1328 9256
1328 16934
1329 3051
1329 3239
1329 4653
1329 4821
1329 4893
1329 4980
1329 5021
1329 5906
1329 6379
1329 6553
1329 8263
1329 8823
1329 9117
1329 9145
1329 9921
1329 13882
1329 15520
1329 16355
1330 11894
1330 13087
1330 13470
1330 13899
1331 1416
1332 3190
1332 4340
1333 10857
1334 16457
1334 16621
1335 4618
1336 4058
1337 3683
1337 16380
1338 3531
1338 3683
1338 4895
1338 6794
1338 14110
1338 16500
1338 18768
1339 18067
1340 2813
1341 2138
1341 6970
1342 10205
1342 13361
1343 2229
1343 6794
1343 14110
1343 16500
1344 8910
1345 4066
1345 6563
1345 7657
1345 11024
1345 11567
1345 14649
1345 15353
1345 15361
1345 15721
1345 19438
1346 6273
1347 4174
1347 5162
1347 5796
1347 6585
1347 7154
1347 7296
1347 8329
1347 9847
1347 10003
1347 10994
1347 11166
1347 11757
1347 14414
1347 15898
1347 16596
1347 16778
1347 18864
1348 7299
1349 6407
1349 7712
1349 14988
1349 15823
1349 18794
1349 18812
1349 18873
1349 18949
1350 18236
1351 18724
1352 12756
1353 4799
1353 16901
1354 4237
1354 11595
1355 2708
1356 11354
1357 8945
1358 16327
1360 2431
1360 2453
1360 2805
1360 3380
1360 4145
1360 5302
1360 9881
1360 10098
1360 12464
1360 14375
1360 14746
1360 15162
1360 16154
1360 16156
1360 17153
1360 17420
1360 19057
1361 3137
1361 3713
1362 6117
1363 6950
1363 7496
1363 7815
1363 8093
1363 9157
1363 14654
1363 15952
1365 2040
1365 2154
1365 2590
1365 3165
1365 3715
1365 5256
1365 5698
1365 5972
1365 7157
1365 8828
1365 9014
1365 10285
1365 11106
1365 12190
1365 12682
1365 14008
1365 14194
1365 14979
1365 17324
1365 17477
1365 17493
1365 18803
1366 19188
1367 14649
1368 13787
1369 17105
1370 12678
1371 1683
1371 5579
1372 3878
1373 15498
1373 18145
1373 18824
1373 18867
1374 2241
1374 2532
1374 7919
1374 8253
1374 9334
1374 17470
1375 15305
1375 18095
1376 6936
1376 8424
1377 3757
1377 4559
1377 6095
1377 6296
1377 9110
1377 13233
1377 13876
1377 17187
1377 17869
1378 1544
1378 1720
1378 3541
1378 4048
1378 4203
1378 6145
1378 6733
1378 7443
1378 8302
1378 8602
1378 9234
1378 10259
1378 10728
1378 11142
1378 11651
1378 12160
1378 12643
1378 12746
1378 12925
1378 12972
1378 13272
1378 14502
1378 14770
1378 14896
1378 15314
1378 15503
1378 16217
1378 16527
1378 16822
1378 17277
1378 17687
1378 19349
1379 18765
1380 9232
1381 6199
1382 8424
1383 7821
1384 16399
1385 1402
1385 1535
1385 3286
1385 3548
1385 4932
1385 5555
1385 6794
1385 7354
1385 10227
1385 12530
1385 14110
1385 15735
1385 16579
1385 17139
1385 17924
1386 9943
1387 5095
1388 2134
1388 3136
1388 12126
1389 8980
1389 17681
1390 2343
1390 2534
1391 16028
1392 6273
1393 13939
1394 1924
1394 3573
1394 4546
1394 5393
1394 5440
1394 5908
1394 6586
1394 6861
1394 7842
1394 8122
1394 8342
1394 9083
1394 9656
1394 10366
1394 11211
1394 11335
1394 12524
1394 12654
1394 13046
1394 13821
1394 13940
1394 14175
1394 15044
1394 15819
1394 15899
1394 17899
1394 18071
1394 19179
1395 1515
1395 3640
1395 8012
1395 11076
1395 13088
1395 13441
1395 16384
1395 16748
1395 18576
1396 16637
1397 7302
1398 3667
1398 4133
1398 4402
1398 7711
1398 11399
1398 11809
1398 15882
1398 18897
1399 6448
1400 14893
1401 3773
1401 7465
1401 10070
1401 10750
1401 11629
1401 12348
1401 15053
1402 3132
1402 3493
1402 3884
1402 4698
1402 4699
1402 5327
1402 6557
1402 11593
1402 12027
1402 13518
1402 13723
1402 14612
1402 15091
1402 15201
1402 15525
1402 16065
1402 17347
1402 17768
1402 18135
1402 19122
1403 1508
1403 5026
1403 6091
1403 10696
1403 11270
1404 11955
1405 16626
1407 1425
1407 7692
1407 8337
1407 9205
1407 9225
1407 9548
1407 10402
1407 11555
1407 12160
1407 14446
1407 15102
1407 17962
1407 18772
1408 5643
1408 14726
1409 18310
1410 1753
1410 4196
1410 4340
1410 7862
1410 9181
1410 12019
1410 16211
1411 2845
1411 10762
1412 1793
1412 6884
1412 7845
1412 11715
1412 12870
1412 13138
1412 16650
1412 16715
1412 17642
1413 2352
1414 13473
1414 15189
1414 15239
1415 2152
1415 5569
1415 12623
1415 13725
1415 17057
1416 1919
1416 3734
1416 4505
1416 5324
1416 5464
1416 6815
1416 9328
1416 9920
1416 10010
1416 10646
1416 10649
1416 11024
1416 11733
1416 13761
1416 13999
1416 15024
1416 16250
1416 16777
1416 17399
1416 18276
1417 14832
1418 17418
1419 5737
1420 14195
1420 18390
1421 4878
1422 7057
1422 12737
1422 13007
1423 7712
1423 7927
1423 15498
1423 17596
1423 17954
1423 18786
1424 1792
1424 7774
1424 8998
1424 12092
1425 3232
1425 3239
1425 3307
1425 4436
1425 4980
1425 5104
1425 5198
1425 5526
1425 5713
1425 6411
1425 7193
1425 7452
1425 7475
1425 8061
1425 8817
1425 8974
1425 10883
1425 10884
1425 10886
1425 11478
1425 11755
1425 11977
1425 12564
1425 13989
1425 14006
1425 14603
1425 15262
1425 15305
1425 16355
1425 16613
1425 17019
1425 17025
1425 17026
1425 17228
1425 17301
1425 18739
1425 18867
1426 7265
1427 2111
1427 3941
1427 4855
1427 9948
1427 10239
1427 13112
1427 14522
1427 15340
1427 15361
1427 16185
1427 16791
1427 18172
1427 19438
1428 3153
1428 5926
1428 7407
1428 7571
1428 16190
1429 3171
1429 7943
1430 1614
1430 2182
1430 2239
1430 2862
1430 5470
1430 7553
1430 7992
1430 8576
1430 8864
1430 12075
1430 12612
1430 17917
1430 18766
1431 5321
1432 4942
1432 5542
1432 14149
1432 19024
1433 1894
1433 2399
1433 3235
1433 3521
1433 3859
1433 4504
1433 11261
1433 13545
1433 14870
1433 16905
1433 16911
1433 16961
1433 17047
1433 19601
1434 4653
1434 5174
1434 9173
1435 4170
1436 17217
1437 5375
1437 14815
1437 17474
1438 11045
1438 13132
1438 17801
1439 1465
1439 1832
1439 1866
1439 2931
1439 2970
1439 5336
1439 7293
1439 7482
1439 7511
1439 7558
1439 7596
1439 8951
1439 9168
1439 10580
1439 11024
1439 11453
1439 12256
1439 12593
1439 12679
1439 13316
1439 14186
1439 15639
1439 17292
1439 17940
1439 18652
1439 18752
1439 18970
1439 19333
1440 4316
1441 2882
1442 12278
1443 15937
1444 8077
1445 9268
1446 14893
1447 16443
1448 2896
1448 5375
1448 18446
1449 9463
1450 12725
1451 2673
1451 5947
1451 15660
1452 4799
1452 6511
1452 6689
1452 17217
1453 11586
1454 14640
1455 12219
1455 16383
1455 17656
1456 1653
1456 2038
1456 3064
1456 7914
1456 8563
1456 9755
1456 11372
1456 11734
1456 11894
1456 13207
1456 14508
1456 15018
1456 15207
1456 16378
1456 17127
1456 17729
1456 18909
1456 18957
1456 19030
1457 2029
1458 9723
1459 16533
1460 1920
1461 4443
1462 2199
1462 4177
1462 4846
1462 6501
1462 12427
1462 16967
1462 18548
1463 2708
1463 3929
1463 4799
1463 5224
1463 7659
1463 8106
1463 8694
1463 9193
1463 10856
1463 11595
1463 11866
1463 12496
1464 18989
1466 8077
1466 13846
1467 2623
1467 2983
1467 4422
1467 10662
1467 13143
1467 14277
1467 16342
1467 17059
1468 4008
1468 7318
1468 10594
1468 11369
1469 8867
1469 12160
1469 13263
1469 13911
1469 14502
1469 15122
1469 16684
1469 16869
1469 17054
1469 17277
1469 17383
1469 17886
1470 3337
1470 8038
1470 11848
1471 14155
1472 3244
1473 10484
1473 13086
1473 17194
1474 2003
1474 2126
1474 2268
1474 2956
1474 3333
1474 4263
1474 4382
1474 4429
1474 4455
1474 4464
1474 4823
1474 5269
1474 5389
1474 5550
1474 5733
1474 5995
1474 6572
1474 6697
1474 6749
1474 7240
1474 7335
1474 7774
1474 8945
1474 8981
1474 9341
1474 9570
1474 10003
1474 10859
1474 11918
1474 12492
1474 12514
1474 12974
1474 12978
1474 13655
1474 13656
1474 13750
1474 14025
1474 14080
1474 14357
1474 14383
1474 14845
1474 15828
1474 16003
1474 16083
1474 16528
1474 16754
1474 16993
1474 17620
1474 17664
1474 17933
1474 18510
1475 3567
1475 11407
1475 15769
1475 16167
1476 2530
1477 1575
1477 1873
1477 4230
1477 10132
1477 10211
1477 11217
1477 12892
1477 16152
1477 16477
1477 18404
1477 18467
1477 18829
1478 2623
1478 3805
1478 4676
1478 6184
1478 8824
1478 9140
1478 10796
1478 11897
1478 13882
1478 14170
1478 14234
1478 14495
1478 16078
1478 16576
1478 16717
1478 18878
1479 11310
1479 15700
1480 17105
1481 2229
1481 5095
1481 6794
1481 12019
1481 14110
1482 16342
1483 7579
1484 5102
1484 5402
1484 8262
1484 15841
1484 15970
1484 17198
1484 18040
1485 8093
1485 11241
1486 6245
1487 4806
1488 2716
1488 18729
1489 2716
1489 18729
1490 1873
1490 11012
1490 16477
1491 16128
1492 9358
1493 2330
1493 4300
1493 6042
1493 6048
1493 6452
1493 6972
1493 8226
1493 8639
1493 8924
1493 9693
1493 10296
1493 10456
1493 13540
1493 13972
1493 15278
1493 17004
1493 17965
1493 17991
1493 18223
1493 18382
1493 19482
1494 11386
1494 17176
1495 12210
1496 5024
1497 5106
1497 5440
1497 5467
1497 5609
1497 6098
1497 7706
1497 9047
1497 10212
1497 11468
1497 12524
1497 13640
1497 13682
1497 14765
1497 15788
1497 15819
1497 16087
1497 18820
1497 18831
1498 2559
1498 6813
1498 13526
1498 15895
1499 10484
1499 13453
1500 6642
1501 18770
1502 2854
1502 8073
1503 4905
1503 5231
1503 7456
1503 11186
1503 11582
1503 11652
1503 15860
1503 17149
1503 18386
1504 10406
1504 14386
1505 4007
1505 17767
1506 1850
1506 1946
1506 2422
1506 4193
1506 4226
1506 8491
1506 9696
1506 12066
1506 13323
1506 17007
1506 18136
1507 3691
1507 7010
1507 10846
1507 16462
1507 17965
1509 16347
1510 15841
1511 11233
1512 10620
1513 2079
1513 2473
1513 2832
1513 5200
1513 9005
1513 10525
1513 12899
1513 13487
1513 13888
1513 14614
1513 16878
1513 17823
1513 18302
1514 8885
1514 9884
1515 2623
1515 3237
1515 4765
1515 13352
1515 15571
1515 15811
1515 16241
1515 17285
1515 18576
1516 5422
1517 10425
1518 13525
1519 8626
1520 2756
1521 2693
1521 2703
1521 4678
1521 11751
1521 15155
1521 16541
1522 9005
1522 9647
1523 17281
1524 3631
1525 8626
1526 7398
1526 15253
1527 6340
1528 9813
1529 3754
1529 4546
1529 5908
1529 7665
1529 7842
1529 8855
1529 13940
1529 18889
1530 4345
1531 11907
1532 9059
1533 6932
1533 16067
1533 16131
1533 19531
1534 1920
1536 2134
1537 11678
1537 19161
1538 7427
1538 11420
1538 17031
1538 17785
1538 18578
1539 4221
1539 8537
1539 11099
1539 11762
1539 18839
1540 2912
1540 3461
1540 6778
1540 9633
1540 12458
1540 12569
1540 13441
1540 14019
1540 15571
1540 16775
1540 17910
1541 6039
1541 16494
1542 9814
1542 11638
1543 4086
1543 5616
1544 2078
1544 2110
1544 3541
1544 4976
1544 6092
1544 6106
1544 6733
1544 6769
1544 7379
1544 8931
1544 9809
1544 9861
1544 10087
1544 10088
1544 10216
1544 10740
1544 10976
1544 12280
1544 12360
1544 12972
1544 13662
1544 14502
1544 16684
1544 16822
1544 16976
1544 17102
1544 17412
1544 18242
1544 18459
1544 18814
1544 18855
1545 11848
1546 14915
1547 5320
1547 6940
1547 19352
1548 18863
1549 10990
1550 6148
1550 7367
1550 16656
1551 1683
1551 2134
1551 5639
1551 8405
1552 13730
1553 2361
1553 4647
1553 10436
1553 12000
1553 12623
1554 18370
1555 4411
1555 17116
1557 10329
1557 10454
1557 14188
1557 14846
1557 16134
1557 16453
1558 1806
1558 6684
1558 15305
1558 18095
1559 10285
1560 4297
1560 5918
1560 11958
1560 14062
1560 17936
1561 15484
1562 5797
1562 6650
1563 1876
1563 11554
1563 15713
1563 18741
1564 2506
1564 2708
1564 3337
1564 3540
1564 3715
1564 4095
1564 4173
1564 4616
1564 4927
1564 5356
1564 5839
1564 7444
1564 7691
1564 8038
1564 8291
1564 9078
1564 11442
1564 11848
1564 13121
1564 13511
1564 13879
1564 14727
1564 15780
1564 16379
1564 16853
1564 18276
1564 18444
1564 18673
1564 18722
1565 2170
1565 2195
1565 2493
1565 2506
1565 2708
1565 3337
1565 3540
1565 4095
1565 4173
1565 4181
1565 4616
1565 5356
1565 5839
1565 7444
1565 7691
1565 8947
1565 9014
1565 9078
1565 9461
1565 10265
1565 10896
1565 11157
1565 11442
1565 11848
1565 12312
1565 12354
1565 13511
1565 13597
1565 13879
1565 14727
1565 15780
1565 15794
1565 16853
1565 18276
1565 18347
1565 18444
1565 18673
1565 18722
1567 3141
1567 9069
1567 9498
1567 12256
1567 12944
1567 18455
1568 3954
1568 4556
1568 5943
1568 7073
1568 9965
1568 11215
1568 11317
1568 11449
1568 13280
1568 13619
1568 14036
1568 15777
1568 18636
1568 18637
1568 19177
1569 3574
1569 13415
1570 6980
1570 7804
1570 9315
1570 12427
1570 12673
1570 14251
1570 15403
1570 17080
1570 18561
1570 19296
1571 7756
1572 13466
1572 15458
1572 17684
1572 18986
1573 1683
1573 6276
1573 12678
1573 14353
1573 14515
1573 15189
1573 15952
1574 4963
1574 12160
1574 12269
1574 12618
1574 12647
1574 15331
1574 17054
1574 17590
1574 17687
1574 18245
1575 14444
1576 4020
1576 4064
1576 5868
1576 10766
1576 14075
1576 18983
1577 7356
1578 16659
1579 17623
1580 6352
1580 8748
1581 4254
1581 4262
1581 4402
1581 4421
1581 4893
1581 6511
1581 7193
1581 7438
1581 10769
1581 12015
1581 12592
1581 12877
1581 17599
1581 18145
1581 18702
1581 18897
1582 2281
1582 3968
1582 4538
1582 5749
1582 5815
1582 7128
1582 9322
1582 9965
1582 11894
1582 14090
1582 14388
1582 16283
1582 17243
1582 18285
1583 15210
1583 18745
1584 4057
1584 6784
1584 10011
1584 11299
1584 14026
1584 14836
1584 15225
1584 17164
1584 17335
1584 18462
1585 16229
1586 14857
1586 17538
1587 2019
1587 14618
1587 15164
1587 16426
1588 13657
1589 8860
1590 16391
1591 10915
1592 8651
1593 13306
1594 12440
1595 13730
1596 17645
1597 2835
1597 7924
1597 9726
1597 11249
1597 16904
1597 17267
1597 17316
1597 17600
1597 18461
1598 13241
1599 2043
1599 4134
1599 9748
1599 15575
1599 18120
1600 4010
1600 6481
1601 11621
1601 12348
1601 15053
1602 1923
1602 3959
1602 4412
1602 4468
1602 6556
1602 6726
1602 6760
1602 7641
1602 7816
1602 8172
1602 8173
1602 8500
1602 8654
1602 9385
1602 9394
1602 9471
1602 10776
1602 10826
1602 11079
1602 11095
1602 11230
1602 11773
1602 11836
1602 12573
1602 12857
1602 12938
1602 13022
1602 13133
1602 14225
1602 14724
1602 15469
1602 15786
1602 15906
1602 16894
1602 17181
1602 17765
1602 18021
1602 18779
1602 18934
1602 19079
1603 15660
1604 1736
1605 2021
1605 3191
1605 6353
1605 14703
1605 19034
1606 9181
1606 11403
1606 18809
1607 6149
1607 7199
1607 8024
1607 15995
1607 17815
1608 4396
1609 9564
1610 2365
1611 10204
1611 15522
1612 1711
1612 2657
1612 2835
1612 3327
1612 3753
1612 6833
1612 8526
1612 10055
1612 10744
1612 11625
1612 12304
1612 13180
1612 15082
1612 15841
1612 16681
1612 16851
1612 17267
1612 18194
1613 13118
1614 1679
1614 2670
1614 2862
1614 3042
1614 3173
1614 4157
1614 7005
1614 8241
1614 8346
1614 8640
1614 10857
1614 11141
1614 12148
1614 12373
1614 13561
1614 14215
1614 15146
1614 16430
1614 18396
1614 18411
1615 4963
1615 8073
1615 16358
1616 17439
1617 1631
1617 2793
1617 11469
1618 11456
1618 12545
1619 16360
1619 18717
1620 15572
1620 18370
1620 18776
1621 2090
1621 4402
1621 6377
1621 7711
1621 11809
1621 18236
1621 18763
1622 8817
1622 11478
1624 14942
1625 9634
1625 9930
1625 10350
1625 18346
1626 8687
1627 8687
1628 1896
1628 3855
1628 5752
1628 7895
1628 8141
1628 10131
1628 10455
1628 10621
1628 11692
1628 12019
1628 12264
1628 12626
1628 13447
1628 13476
1628 13715
1628 13723
1628 16026
1628 17768
1628 18242
1628 18745
1628 18797
1629 2615
1629 5066
1629 5602
1629 6081
1629 10443
1629 11816
1629 12049
1629 12363
1629 14284
1629 14454
1629 16885
1630 4532
1631 3418
1631 3930
1631 3931
1631 4544
1631 6861
1631 7103
1631 7540
1631 10604
1631 11902
1631 12677
1631 13472
1631 13940
1631 17624
1631 18843
1632 16940
1633 2912
1633 18576
1634 4493
1635 1694
1635 1889
1635 4522
1635 5029
1635 6488
1635 7091
1635 7092
1635 7780
1635 8566
1635 11814
1635 12256
1635 12388
1635 16378
1635 17724
1635 18836
1636 3408
1637 2750
1637 3227
1637 3982
1637 6588
1637 14085
1637 15267
1637 16093
1637 18064
1637 18776
1638 10759
1639 1974
1639 4443
1639 6293
1639 6853
1639 6918
1639 8229
1639 8319
1639 10124
1639 11338
1639 14263
1639 14991
1639 15121
1639 15328
1639 15449
1639 15981
1639 17662
1639 18745
1640 4564
1640 7194
1640 8093
1640 8816
1640 11450
1640 12256
1640 12522
1640 16699
1640 17762
1641 10568
1641 11262
1643 16918
1644 17105
1645 5137
1645 5471
1645 14751
1645 16579
1646 16789
1647 3359
1647 9514
1647 15051
1647 16414
1648 3800
1649 5515
1650 10431
1651 17194
1652 5515
1652 14736
1653 18464
1654 15395
1656 9568
1656 10588
1656 18753
1657 17724
1658 18370
1659 9998
1659 16125
1660 1915
1660 2419
1660 2599
1660 2658
1660 3889
1660 4272
1660 6810
1660 9304
1660 9505
1660 11523
1660 13223
1660 15013
1660 15046
1660 15057
1660 15972
1660 16606
1660 17745
1660 17939
1660 18993
1660 19371
1661 7711
1662 5319
1663 13086
1663 17194
1664 18373
1665 10601
1666 4984
1666 8698
1667 16779
1668 17057
1669 8864
1669 16578
1669 18776
1671 8576
1672 15189
1673 10961
1674 4578
1674 17155
1675 1891
1675 2268
1675 3654
1675 4454
1675 4455
1675 4759
1675 5004
1675 6612
1675 7399
1675 8736
1675 9797
1675 10185
1675 10659
1675 10690
1675 11816
1675 13277
1675 13620
1675 14284
1675 15739
1675 18622
1676 5463
1676 12722
1677 5096
1678 2304
1678 6000
1678 7136
1678 7836
1678 13604
1680 6334
1681 1884
1681 5076
1681 5106
1681 5151
1681 6069
1681 9528
1681 10078
1681 10648
1681 14304
1681 15470
1681 15583
1681 16641
1681 16882
1681 18316
1681 18633
1681 18856
1682 15309
1683 1696
1683 2185
1683 2448
1683 2500
1683 2549
1683 2994
1683 3643
1683 3806
1683 3964
1683 4034
1683 4050
1683 4149
1683 4419
1683 4560
1683 4811
1683 4826
1683 5036
1683 5051
1683 5253
1683 5552
1683 5789
1683 6247
1683 6324
1683 6663
1683 7282
1683 7380
1683 7518
1683 7915
1683 7920
1683 8022
1683 8147
1683 8762
1683 9040
1683 9042
1683 9741
1683 10499
1683 11333
1683 11449
1683 11450
1683 11780
1683 12431
1683 12449
1683 12669
1683 13410
1683 13442
1683 14436
1683 14638
1683 15060
1683 15085
1683 15118
1683 15483
1683 15749
1683 15952
1683 16866
1683 16869
1683 17017
1683 17734
1683 18555
1683 18675
1683 18700
1683 18942
1683 18985
1683 19185
1683 19206
1683 19414
1683 19590
1684 18735
1685 2274
1685 2441
1685 3733
1685 11473
1686 7789
1686 8621
1687 1853
1687 1886
1687 2191
1687 2923
1687 2933
1687 3705
1687 8740
1687 11494
1687 11998
1687 13920
1688 15285
1689 15744
1690 2361
1690 2570
1690 2954
1690 4251
1690 5673
1690 8214
1690 8416
1690 8962
1690 10516
1690 10931
1690 12000
1690 12489
1690 13008
1690 13030
1690 13620
1690 13973
1690 15302
1690 15776
1690 16729
1690 17175
1690 18132
1691 14914
1692 6764
1692 8109
1692 12152
1692 16625
1693 6039
1693 11052
1694 2049
1694 5821
1694 7634
1694 11701
1694 12256
1694 14508
1694 16378
1695 6149
1695 6511
1695 7438
1695 7756
1695 9873
1695 9991
1695 14862
1697 17535
1698 7258
1699 5149
1700 8364
1700 11895
1700 13118
1701 3240
1701 4939
1701 6923
1701 15735
1701 16051
1701 16460
1701 16560
1701 16994
1701 16996
1702 4440
1702 11456
1702 17315
1702 18811
1703 15793
1704 18811
1705 8371
1706 9366
1707 16541
1708 2673
1708 3104
1708 10335
1709 7939
1710 5846
1710 8261
1710 11494
1710 14707
1710 16125
1710 17076
1711 8081
1711 8262
1712 3674
1713 7480
1714 6261
1714 11971
1714 14519
1715 18809
1716 7852
1716 14417
1717 4564
1717 10162
1717 10513
1717 18349
1718 9993
1719 10070
1720 15882
1721 4421
1721 4893
1721 5243
1721 10769
1721 12592
1721 13541
1721 14278
1721 14371
1721 15498
1721 17150
1721 18145
1721 18322
1721 18897
1722 10319
1723 3515
1723 4122
1723 7102
1723 14024
1724 5748
1724 10178
1724 14750
1724 14887
1724 17515
1724 18861
1725 5796
1725 6872
1725 9545
1726 17105
1727 3540
1728 1742
1728 6092
1728 14442
1728 16214
1728 16772
1729 3154
1730 4133
1730 11407
1730 17374
1730 17463
1730 18826
1732 2229
1732 5579
1732 6276
1732 13354
1732 18199
1733 5618
1733 8058
1733 10107
1733 13471
1733 19376
1734 6907
1735 8862
1736 4842
1736 5055
1736 8292
1736 9805
1736 14136
1736 17541
1736 17562
1737 4783
1737 15542
1738 16054
1739 3992
1739 6441
1739 6689
1740 3494
1740 3682
1740 4391
1740 5478
1740 15361
1741 8910
1742 9569
1742 10253
1742 12662
1742 16844
1742 16883
1742 19307
1743 8626
1744 14110
1745 5790
1745 18976
1747 1806
1748 3082
1748 16318
1749 8621
1750 2783
1751 7398
1752 2239
1752 2338
1752 2390
1752 2456
1752 2759
1752 4214
1752 4929
1752 5470
1752 5564
1752 6949
1752 7553
1752 7861
1752 7930
1752 7979
1752 7992
1752 8576
1752 8843
1752 10340
1752 11253
1752 12649
1752 13475
1752 15095
1752 18766
1753 3027
1753 3260
1753 4252
1753 4791
1753 6034
1753 6568
1753 7180
1753 7445
1753 7778
1753 12019
1753 14485
1753 14550
1753 15087
1753 16447
1753 17627
1753 17956
1753 18069
1754 3190
1754 3249
1754 4421
1754 7311
1754 10005
1754 10343
1754 12160
1754 13746
1754 14502
1754 14900
1754 17178
1754 17304
1754 18767
1754 18926
1754 19007
1755 16148
1756 2358
1756 2444
1756 5406
1756 5973
1756 6490
1756 6932
1756 8604
1756 10106
1756 10148
1756 11527
1756 11929
1756 15278
1756 15282
1756 15590
1756 16601
1756 18222
1756 19101
1757 5155
1757 7549
1757 8187
1757 10784
1757 11297
1757 14122
1757 14268
1757 17249
1758 10857
1759 10205
1759 15609
1760 11048
1761 1832
1761 2263
1761 2612
1761 3005
1761 4208
1761 4274
1761 4961
1761 5236
1761 5888
1761 6162
1761 6693
1761 9346
1761 10146
1761 10945
1761 12256
1761 15247
1761 15378
1761 15476
1761 15831
1761 15896
1761 16089
1761 16425
1761 16817
1761 17242
1761 18337
1761 18852
1761 19084
1762 4411
1762 7454
1762 16384
1762 16457
1762 17508
1763 14370
1763 17767
1764 16692
1765 2049
1766 4860
1766 10136
1767 2291
1767 6715
1767 8374
1767 9628
1767 10966
1767 11449
1767 11450
1767 12256
1767 12287
1767 12745
1767 15635
1767 15826
1767 16780
1767 18462
1768 10957
1769 17824
1770 18191
1771 18218
1772 5848
1773 6915
1774 2120
1774 3333
1774 4655
1774 10383
1774 11084
1774 13549
1774 14727
1775 3693
1775 6567
1775 10377
1775 14742
1776 5569
1776 9262
1776 18804
1777 2657
1777 17267
1777 18782
1778 7136
1779 17767
1780 6642
1780 7157
1781 12737
1782 3160
1783 11762
1783 16229
1783 18839
1784 18817
1785 2117
1785 2128
1785 2195
1785 2365
1785 3540
1785 4181
1785 6208
1785 6692
1785 8945
1785 9989
1785 10256
1785 10540
1785 11188
1785 11275
1785 11902
1785 12349
1785 13597
1785 17649
1785 18719
1785 18741
1785 18843
1787 15201
1788 8626
1789 2356
1789 3126
1789 3845
1789 4477
1789 8250
1789 8358
1789 8389
1789 9034
1789 10055
1789 12310
1789 15800
1789 16834
1789 18025
1790 3385
1791 15877
1792 5348
1792 10782
1792 11459
1792 11474
1792 13499
1792 14792
1794 4051
1794 8924
1794 11024
1794 11450
1794 12256
1794 14150
1794 16881
1795 12592
1796 6686
1796 7496
1796 14536
1797 1852
1797 2591
1797 6377
1797 6953
1797 10932
1797 15648
1799 10490
1799 12987
1799 19117
1800 7636
1801 8058
1802 5410
1802 7034
1802 10955
1802 11862
1802 12235
1802 12612
1802 13733
1802 18048
1802 18890
1804 6298
1805 15506
1806 3626
1806 3984
1806 6244
1806 10343
1806 10932
1806 10933
1806 12963
1806 13882
1806 13911
1806 15028
1806 15122
1806 17418
1806 18745
1807 18949
1808 2343
1809 16415
1810 12839
1811 2422
1811 12066
1812 8058
1813 2071
1813 2383
1813 2862
1813 8783
1813 10384
1813 11017
1813 11932
1813 12036
1813 12075
1813 12915
1813 13325
1813 14440
1813 14843
1813 15546
1814 1839
1814 2106
1814 2973
1814 5395
1814 6464
1814 8402
1814 9487
1814 10837
1814 11086
1814 11300
1814 11372
1814 11894
1814 11995
1814 15516
1814 17115
1814 17817
1814 18543
1815 2471
1815 6062
1815 7241
1815 8255
1815 17461
1816 4172
1816 10865
1817 2871
1817 3549
1817 4267
1817 4628
1817 4850
1817 5612
1817 5674
1817 6093
1817 7608
1817 8364
1817 9811
1817 10284
1817 10646
1817 11232
1817 11737
1817 13346
1817 14213
1817 15373
1817 18031
1817 19575
1818 2999
1818 3018
1818 3105
1818 3909
1818 6517
1818 6554
1818 8384
1818 8818
1818 8872
1818 9155
1818 9901
1818 10981
1818 16266
1818 16928
1818 17572
1818 19340
1819 12416
1820 4045
1821 2182
1821 2338
1821 4214
1821 5523
1821 8920
1821 9004
1821 11363
1821 11937
1821 12235
1821 12612
1821 13896
1821 14381
1821 17297
1821 17794
1822 6813
1823 17664
1823 18841
1824 5048
1825 7669
1825 7789
1825 11403
1826 1885
1827 9877
1828 7804
1828 18580
1829 2845
1830 2886
1830 2917
1830 3011
1830 3327
1830 5419
1830 6125
1830 7374
1830 7891
1830 8526
1830 10459
1830 11264
1830 11905
1830 13009
1830 13608
1830 13835
1830 14359
1830 15329
1830 18616
1831 9687
1832 5048
1832 5500
1832 9813
1832 12142
1832 16989
1832 17993
1833 4222
1833 5605
1833 7709
1833 9633
1833 12002
1833 12201
1833 12340
1833 13441
1833 15698
1833 16035
1833 16125
1833 17184
1833 18317
1833 18821
1834 10587
1835 1903
1835 2137
1835 3215
1835 4988
1835 5077
1835 5701
1835 6611
1835 7244
1835 8968
1835 11054
1835 11372
1835 11894
1835 15864
1835 16448
1835 17973
1836 2847
1837 2304
1837 4450
1837 14726
1838 9537
1838 10469
1838 16981
1839 2623
1839 16989
1839 18051
1840 2655
1840 3037
1840 5898
1840 6611
1840 11586
1840 16901
1840 16964
1840 17439
1841 2535
1841 3180
1841 3661
1841 3917
1841 5352
1841 5731
1841 8325
1841 8990
1841 9227
1841 10098
1841 10492
1841 10817
1841 11955
1841 12563
1841 12800
1841 14169
1841 14886
1841 15206
1841 15807
1841 15809
1841 16154
1841 16319
1841 17043
1841 18922
1841 19038
1841 19445
1841 19453
1842 2695
1842 2708
1842 3244
1842 3667
1842 3848
1842 4194
1842 4469
1842 4893
1842 5569
1842 6511
1842 6800
1842 7063
1842 7185
1842 7711
1842 8708
1842 8998
1842 9296
1842 9842
1842 9873
1842 10308
1842 10383
1842 10592
1842 10600
1842 10769
1842 10809
1842 13261
1842 13633
1842 13725
1842 14163
1842 14358
1842 14371
1842 14385
1842 14603
1842 14626
1842 14742
1842 15324
1842 15468
1842 16357
1842 17057
1842 17205
1842 17217
1842 17519
1842 17649
1842 18670
1842 18725
1842 18876
1842 19029
1843 3640
1843 3983
1843 4222
1843 4733
1843 5058
1843 6095
1843 6296
1843 8376
1843 9473
1843 11752
1843 12643
1843 13180
1843 13256
1843 13466
1843 15189
1843 15571
1843 15664
1843 16748
1843 16918
1843 17187
1843 18502
1844 17335
1845 8685
1846 3667
1846 4194
1846 5569
1846 6511
1846 6800
1846 7063
1846 9873
1846 10308
1846 10769
1846 13633
1846 14163
1846 14358
1846 14371
1846 14385
1846 14603
1846 14626
1846 15324
1846 15468
1846 16625
1846 17205
1846 17217
1846 18725
1847 2554
1847 3574
1847 6798
1847 7629
1847 8236
1847 12534
1847 13068
1847 18964
1848 2029
1849 8803
1851 14671
1852 6553
1852 7419
1852 7711
1852 7744
1852 8289
1852 8753
1852 8961
1852 13305
1852 13964
1852 15774
1852 15940
1852 15941
1852 16389
1852 17687
1853 2300
1854 2889
1854 3550
1854 6532
1854 10630
1854 15577
1855 7056
1856 12512
1857 3653
1857 7901
1857 12105
1857 12839
1858 6199
1858 19020
1859 10872
1860 2590
1861 2329
1862 10383
1863 17819
1863 17824
1864 9045
1864 15513
1865 2128
1865 5105
1865 6018
1865 6586
1865 8575
1865 8855
1865 9264
1865 9471
1865 9825
1865 10249
1865 10379
1865 10660
1865 11354
1865 13632
1865 14107
1865 14175
1865 14239
1865 14789
1865 14798
1865 15620
1865 15713
1865 15964
1865 16000
1865 16496
1865 17847
1865 18347
1865 19029
1867 2859
1867 3213
1867 3269
1867 4736
1867 5995
1867 14845
1867 15583
1868 2530
1868 6243
1869 18770
1870 5848
1870 7039
1870 15210
1871 8225
1871 12789
1872 3517
1872 7056
1872 11604
1872 14622
1872 15522
1872 15884
1872 17248
1872 17909
1872 18446
1872 18791
1873 6877
1873 8481
1874 18817
1875 12019
1876 3828
1876 8848
1876 9263
1876 10993
1876 11619
1876 12561
1876 14557
1876 19305
1877 14686
1878 16190
1879 5896
1880 12924
1881 2526
1881 7137
1881 8070
1881 9701
1881 10371
1881 10702
1881 11024
1881 11652
1881 11896
1881 12146
1881 14005
1881 17634
1881 18498
1882 15841
1883 2456
1883 7832
1883 13980
1884 3154
1884 3273
1884 12285
1885 2165
1885 6417
1885 8227
1885 10643
1885 15542
1885 18501
1886 4172
1887 2951
1887 3831
1887 6680
1887 7113
1887 9256
1887 12354
1887 15735
1887 18357
1888 18881
1889 3314
1889 4418
1889 6512
1889 7058
1889 11449
1889 11450
1889 14036
1889 14566
1889 15278
1890 18770
1891 2079
1891 4823
1891 5262
1891 5265
1891 7123
1891 8998
1891 9830
1891 10510
1891 12145
1891 13301
1891 14305
1891 18320
1891 18742
1892 6039
1892 6368
1893 7135
1893 12805
1893 18221
1893 18224
1893 18520
1895 3408
1895 4638
1895 11211
1895 14008
1896 2039
1896 3531
1896 4895
1896 6794
1896 18765
1896 18768
1897 8030
1897 18033
1898 7360
1899 3641
1899 6854
1899 8237
1899 15511
1900 11919
1901 7666
1901 7966
1902 11783
1902 13415
1902 16175
1902 18811
1903 6611
1903 7456
1903 8968
1904 19430
1905 18580
1906 7795
1907 6644
1907 9014
1907 9709
1907 10754
1907 10840
1907 11211
1907 15468
1907 16586
1907 17022
1907 17592
1907 17618
1907 18742
1908 4411
1908 5918
1908 14062
1909 2134
1909 17418
1910 5587
1910 7124
1910 10809
1911 12638
1913 9066
1914 9017
1915 4913
1915 8198
1915 10375
1916 13730
1917 12427
1918 16228
1919 6284
1920 2468
1920 2599
1920 2658
1920 2876
1920 3023
1920 3243
1920 3282
1920 3898
1920 4102
1920 4547
1920 4709
1920 4913
1920 4972
1920 5079
1920 5371
1920 5745
1920 5875
1920 6182
1920 6414
1920 6574
1920 6752
1920 7948
1920 7980
1920 8198
1920 8240
1920 8599
1920 9121
1920 9258
1920 9304
1920 9420
1920 9505
1920 9905
1920 10072
1920 10218
1920 10682
1920 10712
1920 10969
1920 11256
1920 11324
1920 11523
1920 11542
1920 11552
1920 11680
1920 12224
1920 12859
1920 13126
1920 13171
1920 13223
1920 13227
1920 13583
1920 13602
1920 13814
1920 14011
1920 14254
1920 15013
1920 15046
1920 15057
1920 15075
1920 15120
1920 15426
1920 15651
1920 15752
1920 16169
1920 16694
1920 16812
1920 16941
1920 17087
1920 17433
1920 17939
1920 17969
1920 18055
1920 18594
1920 18790
1920 18972
1920 19124
1920 19335
1920 19426
1921 13623
1922 14815
1923 2708
1923 4683
1923 6511
1923 7733
1923 7756
1923 9564
1923 9587
1923 9588
1923 10308
1923 10776
1923 12573
1923 14727
1923 16184
1923 18779
1924 5908
1924 7842
1924 10198
1924 16747
1925 7294
1926 8974
1927 9222
1927 12839
1928 11944
1929 16947
1930 10896
1930 11629
1930 12387
1930 13817
1930 15928
1930 17826
1930 18325
1932 3570
1933 6572
1934 3037
1935 11084
1936 3984
1936 19600
1937 17858
1938 2514
1938 2835
1938 3373
1938 5045
1938 6071
1938 10521
1938 12653
1938 13217
1938 18782
1939 18964
1940 18735
1941 5898
1942 2268
1942 4759
1942 10126
1942 10573
1942 12974
1942 15722
1943 4909
1943 11866
1945 3124
1945 7795
1945 16335
1945 18906
1946 2529
1946 2558
1946 4193
1946 14821
1947 10629
1947 14445
1948 4206
1949 5908
1949 7784
1949 10270
1950 7588
1951 2277
1951 10895
1951 17301
1951 17819
1951 18739
1952 19402
1953 3582
1954 2464
1954 3713
1954 4522
1954 7091
1954 7092
1954 8317
1954 10114
1954 11450
1954 16378
1954 16579
1954 19104
1955 10205
1957 3848
1958 9830
1959 7666
1960 14195
1961 13379
1961 15077
1961 15078
1962 2035
1962 3809
1962 6645
1962 7007
1962 11168
1962 12766
1963 8656
1963 17073
1963 18756
1964 1972
1965 10119
1966 13928
1967 14292
1968 9237
1969 5089
1969 16391
1970 7355
1970 17323
1972 2623
1972 8458
1972 8973
1972 11373
1972 11374
1972 12269
1972 12618
1972 12647
1972 13580
1972 13867
1972 13876
1972 17590
1972 18497
1972 19139
1972 19375
1973 3528
1973 3627
1973 7561
1973 8583
1973 9670
1973 11454
1973 11461
1973 12306
1973 12617
1973 13934
1973 15038
1973 18644
1973 19413
1974 18745
1975 4625
1976 9405
1977 18726
1978 3453
1979 7804
1980 17767
1981 13925
1982 5048
1983 2361
1983 2501
1983 11554
1984 13131
1984 18731
1985 5024
1986 10036
1986 11168
1986 11548
1987 4424
1987 4676
1987 5541
1987 6184
1987 7272
1987 8372
1987 11301
1987 11673
1987 11995
1987 13642
1987 14170
1987 16517
1988 13799
1989 2385
1989 2425
1989 4537
1989 5405
1989 5796
1989 6120
1989 9144
1989 9461
1989 10141
1989 11394
1989 11816
1989 11823
1989 14414
1989 14454
1989 15114
1989 16379
1989 18347
1990 8229
1990 8319
1991 6884
1991 9276
1991 9615
1992 3754
1992 11546
1993 4916
1994 18580
1995 9978
1996 10292
1997 6055
1998 9572
1998 10549
1998 11885
1998 15196
1998 19106
1999 8348
2000 3721
2000 10575
2000 18697
2001 12016
2002 5306
2004 2268
2004 2361
2004 13403
2004 17871
2005 6210
2006 14110
2006 18768
2007 9978
2007 13011
2008 2347
2008 2646
2008 3485
2008 3646
2008 6146
2008 6149
2008 6318
2008 6555
2008 10698
2008 10907
2008 11592
2008 11681
2008 13199
2008 13451
2008 14159
2008 14345
2008 14846
2008 14862
2008 14954
2008 16064
2008 16428
2008 17327
2008 18208
2008 19258
2009 10015
2010 10425
2010 16880
2010 17911
2011 10136
2013 13086
2013 17194
2014 7258
2014 13475
2015 9268
2015 12968
2015 14961
2016 8572
2017 3273
2017 6930
2017 10856
2017 11866
2018 5790
2019 2871
2019 3267
2019 3439
2019 3658
2019 3815
2019 3944
2019 4149
2019 4701
2019 7780
2019 8372
2019 8894
2019 10684
2019 12431
2019 13436
2019 17782
2019 17793
2019 18942
2020 4275
2020 8192
2020 12019
2020 18745
2022 17926
2023 4058
2023 18310
2024 2929
2024 3064
2024 4112
2024 8509
2024 9669
2024 11450
2024 11486
2024 12256
2024 12757
2024 12944
2024 13771
2024 13959
2024 14912
2025 12737
2026 12875
2026 17621
2027 8106
2027 10856
2028 3246
2028 5408
2028 5838
2028 7869
2028 9814
2028 9934
2028 10537
2028 11419
2028 12946
2028 14810
2028 16210
2028 16308
2028 17319
2028 18223
2028 18484
2028 19063
2028 19235
2028 19360
2029 9154
2029 17360
2030 4866
2031 3453
2031 3667
2031 4262
2031 4281
2031 4402
2031 4421
2031 4893
2031 5243
2031 6953
2031 7507
2031 7711
2031 8314
2031 9181
2031 10932
2031 11399
2031 11809
2031 12592
2031 13305
2031 15498
2031 17508
2031 18145
2031 18792
2031 18824
2031 18897
2032 7659
2032 15468
2033 5711
2034 16416
2035 5532
2035 6645
2035 7361
2035 11168
2035 13359
2035 15455
2035 17523
2035 19034
2036 6813
2037 3287
2037 7155
2037 11417
2037 11450
2037 12832
2037 14206
2038 4980
2038 9808
2038 11049
2038 11390
2038 15239
2038 17645
2038 17949
2039 3746
2039 4200
2039 5752
2039 7854
2039 9415
2039 10276
2039 10455
2039 10497
2039 11802
2039 12979
2039 13723
2039 13845
2039 14496
2039 15325
2039 15679
2039 15767
2039 17768
2040 3273
2040 6771
2040 7994
2040 8038
2040 11848
2040 13140
2040 18895
2041 3082
2041 8730
2041 9808
2041 10350
2041 10451
2041 13336
2041 14515
2041 16305
2041 18572
2042 12134
2044 8093
2044 15615
2044 16770
2045 9978
2046 9978
2047 9883
2048 11374
2049 2139
2049 4984
2049 8715
2049 9040
2049 10595
2049 11450
2049 12628
2049 16073
2049 16806
2049 17709
2050 4181
2051 4860
2051 15761
2051 16443
2052 5908
2052 7842
2052 8352
2052 11595
2052 13046
2052 13392
2052 14727
2052 16140
2052 18589
2053 13976
2054 18865
2055 14149
2056 6352
2056 7666
2056 8938
2056 17194
2057 5081
2058 8093
2059 2177
2060 16361
2061 2518
2061 6794
2061 14754
2061 16770
2062 3667
2062 12016
2063 18950
2064 8715
2064 16868
2065 7784
2066 3971
2068 2160
2069 2703
2069 8024
2069 15993
2070 2428
2070 2943
2071 4851
2071 5599
2071 6908
2071 15465
2071 16724
2071 17376
2071 17496
2071 17970
2071 18353
2071 19134
2071 19478
2072 13915
2073 5081
2073 17596
2074 17428
2075 2813
2076 7320
2077 13056
2078 2854
2078 6684
2078 18745
2079 2954
2079 4809
2079 5162
2079 5265
2079 5535
2079 6495
2079 10777
2079 11753
2079 12240
2079 12406
2079 13200
2079 14499
2079 16778
2080 11450
2080 11489
2080 12256
2080 14566
2080 17354
2081 15361
2082 5639
2083 18936
2084 18905
2085 9626
2085 10872
2086 19152
2087 13086
2087 17194
2088 10451
2089 6368
2089 11140
2089 15577
2089 16593
2090 2475
2090 3013
2090 5665
2090 5894
2090 5963
2090 6377
2090 6733
2090 7379
2090 9340
2090 9610
2090 9697
2090 10087
2090 11640
2090 13402
2090 14900
2090 16478
2090 17687
2090 18008
2090 18807
2090 18898
2091 2228
2091 2674
2091 11866
2091 14637
2092 2367
2092 2936
2092 4986
2092 6454
2092 9299
2092 10163
2092 10854
2092 12825
2092 13703
2092 13815
2092 14044
2092 17474
2093 10297
2094 14353
2094 14515
2094 15952
2095 2999
2095 3018
2095 3613
2095 4872
2095 9901
2095 10068
2095 11483
2095 14013
2095 14555
2095 15734
2095 15963
2096 11820
2097 6684
2098 2278
2098 2339
2098 2571
2098 2769
2098 2941
2098 2979
2098 3370
2098 3966
2098 5349
2098 6142
2098 6181
2098 6445
2098 7040
2098 7266
2098 7830
2098 8024
2098 8686
2098 10024
2098 10308
2098 10397
2098 11095
2098 11495
2098 12092
2098 12164
2098 14305
2098 14862
2098 15079
2098 15167
2098 15562
2098 15591
2098 15592
2098 15665
2098 16129
2098 17674
2098 18094
2098 18187
2098 18586
2098 18771
2098 18929
2098 19630
2099 18766
2100 3255
2100 3799
2100 4861
2100 5949
2100 6860
2100 9466
2100 12381
2100 13068
2100 14689
2100 14716
2100 16764
2100 17493
2101 9103
2101 13803
2102 3878
2103 13233
2104 12120
2105 4755
2105 10141
2105 16127
2107 13241
2107 17072
2108 13807
2109 15975
2110 7780
2110 8093
2110 8840
2110 14997
2111 2457
2111 4354
2111 5835
2111 6834
2111 7007
2111 7097
2111 8086
2111 8295
2111 9171
2111 9484
2111 10371
2111 11168
2111 12157
2111 16790
2112 2764
2112 3188
2112 4619
2112 6361
2112 6863
2112 7940
2112 8623
2112 9323
2112 9719
2112 10118
2112 10687
2112 10854
2112 13029
2112 13734
2112 14065
2112 14723
2112 16198
2112 16283
2112 16998
2112 17245
2112 17303
2112 18253
2112 18467
2112 18485
2113 15231
2114 2128
2114 2630
2114 4513
2114 6147
2114 6675
2114 6740
2114 7399
2114 10265
2114 10573
2114 10675
2114 10754
2114 12145
2114 12978
2114 13576
2114 13620
2114 13801
2114 13931
2114 15066
2114 15145
2114 15411
2114 16230
2114 16754
2114 18138
2114 18341
2115 2425
2115 3556
2115 5440
2115 6586
2115 8417
2115 8912
2115 10379
2115 11816
2115 11902
2115 13226
2115 14284
2115 14305
2115 15066
2115 15788
2115 16778
2115 18929
2115 19029
2115 19421
2116 12298
2116 13502
2117 2120
2117 2272
2117 2556
2117 2798
2117 4181
2117 6302
2117 6569
2117 6798
2117 8104
2117 8613
2117 9306
2117 9797
2117 10540
2117 10659
2117 10690
2117 10919
2117 11816
2117 11823
2117 11986
2117 12332
2117 12384
2117 13549
2117 14312
2117 14317
2117 15045
2117 15114
2117 15677
2117 16759
2118 18430
2119 15998
2120 3052
2120 3229
2120 3333
2120 4445
2120 4454
2120 5348
2120 5467
2120 6077
2120 6798
2120 7015
2120 7130
2120 7370
2120 7997
2120 8613
2120 8736
2120 8919
2120 9409
2120 9471
2120 9797
2120 10256
2120 10279
2120 10443
2120 11113
2120 11263
2120 11665
2120 11812
2120 11898
2120 12102
2120 12502
2120 13549
2120 14284
2120 14317
2120 15137
2120 15356
2120 15677
2120 17649
2120 18967
2121 3918
2121 4142
2121 4181
2121 9490
2121 9519
2121 10265
2121 13620
2121 17255
2121 17901
2122 2530
2122 2988
2122 2999
2122 3018
2122 7304
2122 10068
2122 10981
2123 3737
2123 4703
2123 7559
2123 9317
2123 18769
2124 7199
2124 11009
2125 4186
2125 8077
2126 2484
2126 3764
2126 7123
2126 7240
2126 10675
2126 10748
2126 11644
2126 13035
2126 13754
2126 14979
2126 15066
2126 15722
2126 15925
2126 16352
2126 16528
2126 17147
2126 18341
2126 18421
2126 18622
2126 19363
2127 7560
2127 8077
2128 2170
2128 2333
2128 2437
2128 2804
2128 2902
2128 3930
2128 3931
2128 4197
2128 5263
2128 6098
2128 6208
2128 6692
2128 6838
2128 7115
2128 7265
2128 7399
2128 7994
2128 8417
2128 8855
2128 8947
2128 9264
2128 10126
2128 10265
2128 10373
2128 10540
2128 10573
2128 10690
2128 11302
2128 11451
2128 11452
2128 12054
2128 12534
2128 12974
2128 13162
2128 13403
2128 13801
2128 13931
2128 14194
2128 14258
2128 14765
2128 15055
2128 15411
2128 15722
2128 15925
2128 16033
2128 16528
2128 16778
2128 17018
2128 17755
2128 17847
2129 3781
2130 3287
2130 9418
2130 14683
2131 4556
2132 2311
2132 6609
2132 8070
2132 18498
2133 3631
2133 8526
2133 11672
2133 12442
2134 3587
2134 3910
2134 4109
2134 4415
2134 4632
2134 4837
2134 5324
2134 5549
2134 6079
2134 6252
2134 6256
2134 6812
2134 7484
2134 7717
2134 7824
2134 8004
2134 8508
2134 8995
2134 9415
2134 9622
2134 11450
2134 11950
2134 11951
2134 12686
2134 13187
2134 13275
2134 13490
2134 13731
2134 14320
2134 14322
2134 14521
2134 16075
2134 18736
2134 19015
2135 9204
2136 15159
2137 6611
2137 8968
2137 11424
2137 19088
2138 3140
2138 8460
2138 16250
2138 17739
2139 3513
2139 8509
2139 14901
2140 4977
2140 5856
2140 7326
2140 11145
2140 11390
2140 15285
2140 17418
2141 4411
2141 9553
2142 9330
2142 9467
2142 9628
2142 10966
2142 11450
2142 11965
2142 19204
2143 3278
2143 8288
2143 10252
2143 16085
2144 3531
2144 4332
2145 6210
2146 7553
2146 17621
2147 14662
2148 2214
2148 3244
2148 5324
2148 12789
2148 16305
2149 15006
2149 18453
2150 6207
2150 7258
2150 8447
2150 10123
2150 10446
2150 10617
2150 11044
2150 13761
2150 16250
2150 18411
2151 19002
2152 3193
2152 3210
2152 3514
2152 3974
2152 5372
2152 8504
2152 9885
2152 11695
2152 13255
2152 13437
2152 14229
2152 14995
2152 16083
2152 16502
2153 17105
2154 4086
2154 4323
2154 7476
2154 8127
2154 8497
2154 8545
2154 9296
2154 9830
2154 10103
2154 11536
2154 13140
2154 13312
2154 14008
2154 15063
2154 16747
2154 16779
2154 17757
2154 18728
2154 18734
2155 9883
2156 3286
2156 3846
2156 10629
2157 4157
2157 4175
2157 4260
2157 6913
2157 6982
2157 7431
2157 8533
2157 16987
2157 19502
2158 8666
2158 12457
2158 14459
2159 14640
2160 2619
2160 2851
2160 3801
2160 5913
2160 13615
2160 17011
2161 2177
2162 3171
2163 3079
2163 4618
2163 10600
2163 18895
2164 11457
2164 12404
2165 10599
2166 13992
2167 15984
2168 2987
2169 16637
2170 2707
2170 3270
2170 5673
2170 5698
2170 9017
2170 9607
2170 10931
2170 12024
2170 12349
2170 12856
2170 13076
2170 13966
2170 15565
2170 16033
2170 17522
2170 18895
2171 3640
2172 3453
2172 13152
2174 8748
2175 15481
2175 18040
2176 13606
2177 3039
2177 4180
2177 4803
2177 4822
2177 5268
2177 6125
2177 6613
2177 9353
2177 13009
2177 15081
2177 15304
2177 16521
2178 3337
2178 10383
2179 11895
2180 10065
2181 3073
2182 2214
2182 2239
2182 2338
2182 3634
2182 5470
2182 5513
2182 5901
2182 7153
2182 8576
2182 10565
2182 11328
2182 11363
2182 11937
2182 12235
2182 12612
2182 14271
2182 14905
2182 17794
2182 18048
2183 5152
2183 18048
2184 2794
2184 11574
2184 12355
2184 16106
2184 18034
2185 10037
2185 14515
2185 17724
2186 18232
2187 7760
2187 13251
2187 17829
2188 10406
2189 5926
2189 14459
2190 3187
2192 3104
2193 10513
2194 2534
2194 11907
2195 2227
2195 2365
2195 2393
2195 2425
2195 2434
2195 3229
2195 3715
2195 3930
2195 3931
2195 4702
2195 6141
2195 6208
2195 6655
2195 7015
2195 8701
2195 8886
2195 9839
2195 9989
2195 10373
2195 10540
2195 10690
2195 11275
2195 11816
2195 11823
2195 12000
2195 12054
2195 13020
2195 13162
2195 13597
2195 14383
2195 15694
2195 15828
2195 17337
2195 18732
2196 13486
2197 16823
2198 18863
2199 4228
2199 4846
2199 6667
2199 9893
2199 11620
2199 11731
2199 14505
2199 14974
2199 15639
2199 16256
2199 16260
2199 17470
2199 18641
2199 18904
2200 10037
2202 10818
2203 9103
2203 9930
2203 10846
2203 11881
2204 5032
2205 2577
2205 7398
2206 7078
2206 8588
2206 17072
2206 18245
2207 6043
2207 12019
2207 17365
2208 12416
2209 3747
2209 14662
2210 5579
2211 3190
2211 4088
2211 7831
2211 7966
2211 9181
2211 12747
2211 14770
2211 17395
2212 10258
2213 2874
2213 10785
2213 14275
2214 2338
2214 4073
2214 5866
2214 10391
2214 11174
2214 12235
2214 12612
2214 13423
2214 13733
2214 18048
2215 14726
2216 2425
2216 4464
2216 6302
2216 6572
2216 6697
2216 6740
2216 6749
2216 7335
2216 8182
2216 8886
2216 8981
2216 10422
2216 10690
2216 11816
2216 13277
2216 16754
2217 3229
2217 3279
2217 6740
2217 8054
2217 8886
2217 8998
2217 11823
2217 12010
2217 12052
2217 14280
2217 16003
2217 16720
2217 18347
2218 11485
2219 6364
2219 9915
2219 12533
2220 3530
2220 10971
2220 13281
2220 13588
2220 19243
2221 4799
2222 15051
2223 17415
2224 7219
2224 9830
2224 18841
2226 10423
2226 14420
2226 15360
2226 16228
2228 4599
2228 4638
2228 5467
2228 5808
2228 6930
2228 8629
2228 8694
2228 9388
2228 12863
2228 13337
2229 2242
2229 2549
2229 2994
2229 3995
2229 4149
2229 6197
2229 7854
2229 9040
2229 10227
2229 10699
2229 11449
2229 11830
2229 11894
2229 13292
2229 13760
2229 13995
2229 14061
2229 14496
2229 15623
2229 16794
2229 16859
2229 17810
2229 17811
2229 18416
2229 19301
2229 19342
2229 19649
2230 13883
2231 2460
2231 3017
2231 4246
2231 5021
2231 9173
2232 8090
2232 10885
2232 11009
2232 12298
2232 17819
2233 17276
2234 7533
2234 8741
2234 9490
2234 17255
2235 5132
2235 10595
2235 12217
2235 13295
2235 13365
2235 15750
2235 19057
2235 19183
2236 6788
2237 2534
2238 5743
2238 15572
2238 15833
2239 2338
2239 2543
2239 4214
2239 5470
2239 5491
2239 5523
2239 5540
2239 7595
2239 7979
2239 7992
2239 8920
2239 9004
2239 9229
2239 11363
2239 12235
2239 12612
2239 13820
2239 14381
2239 16253
2239 16722
2239 17794
2240 8943
2240 12628
2240 13459
2240 17548
2241 2673
2241 4406
2241 8448
2241 13938
2241 14417
2241 15660
2241 18145
2242 14754
2243 3986
2243 6449
2243 11737
2243 13674
2243 14152
2243 14479
2243 15373
2244 6273
2244 12416
2244 12827
2244 15952
2245 3809
2245 9484
2246 17965
2247 8070
2247 13486
2247 13610
2247 16397
2247 16498
2247 17713
2247 18498
2248 3538
2248 5702
2248 8638
2248 15610
2249 17859
2249 18717
2250 6501
2251 15852
2252 7691
2252 15025
2253 6930
2254 4323
2254 4546
2254 11554
2255 3453
2255 5784
2255 11200
2256 10743
2257 3570
2258 18865
2259 16126
2260 3663
2261 14147
2262 2722
2262 3642
2262 5622
2262 6300
2262 6665
2262 7084
2262 7110
2262 9054
2262 13142
2262 15307
2262 17297
2262 18283
2262 18585
2262 18845
2263 18945
2264 7810
2265 4058
2266 9626
2267 18735
2268 2484
2268 3647
2268 3764
2268 4351
2268 4643
2268 5256
2268 5265
2268 5362
2268 5412
2268 5611
2268 5885
2268 5972
2268 6735
2268 6992
2268 7103
2268 7240
2268 8127
2268 9580
2268 10603
2268 10758
2268 10920
2268 15145
2268 17933
2269 8154
2269 12080
2270 10973
2271 2808
2271 3220
2271 13477
2271 14677
2272 12742
2272 12879
2273 6657
2273 7101
2273 14047
2273 15260
2273 17439
2274 3071
2274 3072
2274 4712
2274 8215
2274 11652
2274 12528
2274 13951
2274 14558
2274 16325
2274 17233
2275 14044
2275 14045
2276 8225
2277 2382
2277 7185
2277 7830
2277 13633
2277 14278
2277 15562
2278 2703
2278 4647
2278 7199
2278 8998
2278 10769
2278 11751
2278 12092
2278 13529
2278 14742
2278 15993
2278 17815
2279 6143
2280 17198
2280 18121
2281 2337
2281 2544
2281 3185
2281 3876
2281 4538
2281 5749
2281 5815
2281 6424
2281 8950
2281 9322
2281 9923
2281 11659
2281 12236
2281 12380
2281 13924
2281 15544
2281 15975
2281 18455
2282 5515
2283 13799
2283 14651
2283 14862
2283 18664
2284 3860
2284 5152
2284 7401
2284 7670
2284 9372
2284 13738
2284 14265
2285 6190
2286 3278
2286 14796
2286 15036
2286 16085
2287 9988
2288 2897
2289 11456
2290 8608
2291 9526
2291 17520
2292 8698
2292 9227
2292 17153
2293 15004
2294 16415
2295 4674
2295 5422
2295 9459
2295 9549
2295 12364
2295 15178
2295 19032
2296 3286
2297 3108
2297 3975
2297 6307
2297 7261
2297 7642
2297 7688
2297 7762
2297 7880
2297 11208
2297 12212
2297 13145
2297 13217
2297 14631
2297 14811
2298 18035
2299 8429
2299 9334
2300 5982
2300 11743
2300 11937
2300 14898
2300 15666
2300 15955
2300 16580
2300 17179
2300 17349
2301 3793
2301 8384
2301 11483
2302 3088
2302 7085
2302 11740
2302 14905
2302 15081
2303 3878
2303 14008
2304 3744
2304 5703
2304 6727
2304 7136
2304 7929
2304 9184
2304 10072
2304 11024
2304 11711
2304 12885
2304 13017
2304 13043
2304 13202
2304 13385
2304 13604
2304 13972
2304 14971
2304 17409
2304 17725
2304 17726
2304 19710
2305 4120
2305 6706
2305 10172
2305 17251
2306 3154
2306 3831
2306 7157
2306 12545
2307 9519
2308 9296
2308 9447
2308 16144
2309 17869
2310 10973
2311 8239
2311 9326
2311 10451
2311 15004
2311 16498
2312 10601
2313 10065
2314 9712
2315 6511
2316 15078
2317 3407
2317 7188
2317 14563
2318 5793
2319 12902
2320 12968
2322 11456
2322 18728
2323 17384
2324 7927
2324 18873
2325 9561
2325 15063
2326 12019
2326 13677
2327 4849
2328 14026
2328 17335
2329 6799
2329 8544
2329 12957
2329 13808
2329 18036
2330 18819
2331 2994
2331 3832
2331 4479
2331 10444
2331 11550
2331 15118
2331 15493
2331 16200
2331 16866
2331 18942
2332 4269
2332 6992
2333 4248
2333 13729
2333 16033
2334 13779
2335 3394
2335 6892
2335 7075
2335 8372
2335 10439
2335 13279
2335 13785
2335 18580
2335 19480
2336 3062
2336 3607
2336 4198
2336 5440
2336 5467
2336 7103
2336 7629
2336 7659
2336 7952
2336 8629
2336 9589
2336 9785
2336 9910
2336 15788
2336 15925
2336 16720
2336 17587
2336 18175
2336 18949
2336 19040
2337 5375
2337 18068
2337 18893
2338 2390
2338 2759
2338 4214
2338 4923
2338 4929
2338 5470
2338 5716
2338 7861
2338 7979
2338 7992
2338 8576
2338 9877
2338 10847
2338 11141
2338 11637
2338 12235
2338 12612
2338 12649
2338 13475
2338 13820
2338 14381
2338 14781
2338 15095
2338 15884
2338 17297
2338 17917
2338 19027
2339 7199
2339 8998
2339 9564
2339 9588
2339 10308
2339 10769
2339 11751
2339 13529
2339 17815
2340 6697
2341 3322
2341 16989
2342 11299
2342 14220
2342 17034
2343 2959
2343 5046
2343 10312
2343 10820
2343 11450
2343 12812
2343 12824
2343 12967
2343 13665
2343 13859
2343 14067
2343 17019
2343 17025
2343 17026
2343 19321
2344 4184
2344 4559
2344 6092
2344 10872
2344 12643
2344 18986
2345 3154
2346 6511
2346 11084
2346 14163
2346 14626
2346 14742
2346 14783
2346 17701
2346 18725
2346 18962
2348 17418
2349 2754
2349 4627
2350 7836
2351 10513
2351 13623
2352 2424
2352 2751
2352 7732
2352 9361
2352 11024
2352 11248
2352 11450
2352 11569
2352 13760
2352 14460
2353 3805
2353 5021
2353 9081
2353 9173
2355 3092
2355 6341
2355 6651
2355 8304
2355 9984
2355 11607
2357 18567
2359 5014
2359 13534
2359 18766
2360 12080
2361 2502
2361 2510
2361 2660
2361 2798
2361 3012
2361 3308
2361 3400
2361 3518
2361 3670
2361 3831
2361 3887
2361 4327
2361 4650
2361 4907
2361 4908
2361 5033
2361 5090
2361 5108
2361 5129
2361 5150
2361 5786
2361 5970
2361 5974
2361 6183
2361 6388
2361 6569
2361 6599
2361 6628
2361 6659
2361 6710
2361 6735
2361 7041
2361 7469
2361 7563
2361 7774
2361 8128
2361 8612
2361 8861
2361 8862
2361 8902
2361 8926
2361 9178
2361 9389
2361 9402
2361 9614
2361 9723
2361 9951
2361 10005
2361 10034
2361 10244
2361 10324
2361 10373
2361 10422
2361 10461
2361 10603
2361 10610
2361 10717
2361 11106
2361 11321
2361 11616
2361 11642
2361 11674
2361 11858
2361 12000
2361 12223
2361 12240
2361 12241
2361 12446
2361 12459
2361 12879
2361 12998
2361 13266
2361 13345
2361 13573
2361 13582
2361 14054
2361 14057
2361 14277
2361 14287
2361 14306
2361 14309
2361 14761
2361 14779
2361 14821
2361 14980
2361 15045
2361 15283
2361 15643
2361 16031
2361 16033
2361 16386
2361 16584
2361 16729
2361 16843
2361 16882
2361 17045
2361 17146
2361 17198
2361 18100
2361 18234
2361 18268
2361 18789
2361 18869
2361 19093
2361 19125
2361 19181
2361 19712
2362 13231
2363 4998
2364 11524
2365 3578
2365 3836
2365 4585
2365 5659
2365 6147
2365 6302
2365 6901
2365 7015
2365 7399
2365 8598
2365 10302
2365 10777
2365 11007
2365 13516
2365 13641
2365 16102
2365 16115
2365 17337
2365 17755
2365 18003
2366 4257
2366 10885
2366 11009
2367 10211
2367 15544
2367 17474
2368 3900
2368 5102
2368 17198
2369 10588
2370 10285
2371 10629
2372 8476
2372 15939
2372 17762
2373 5632
2373 7379
2373 10087
2373 10088
2373 18403
2373 19262
2374 7789
2375 4411
2376 5902
2377 11442
2377 13511
2377 16714
2378 7018
2379 5822
2380 11424
2381 13009
2381 15329
2382 3239
2382 5147
2382 7190
2382 7198
2382 9602
2382 12311
2382 15155
2382 15866
2382 17819
2382 18753
2382 19001
2383 2888
2383 3324
2383 5080
2383 7780
2383 8986
2383 11024
2383 11450
2383 15649
2383 16104
2383 17960
2384 14185
2385 2553
2385 2798
2385 6120
2385 6697
2385 17839
2386 6058
2386 7215
2386 7771
2386 8089
2386 8384
2386 12573
2386 17195
2387 12256
2388 5796
2388 14127
2389 4581
2389 5497
2389 5730
2389 7388
2389 16443
2390 4929
2390 5470
2390 7861
2390 7992
2391 14354
2392 3721
2393 3773
2393 4702
2393 8998
2393 11872
2393 12561
2394 2835
2395 15870
2396 4620
2397 16081
2397 17358
2398 15589
2400 2581
2400 7535
2401 9256
2401 9765
2401 10441
2401 14353
2402 6239
2402 15370
2402 18157
2403 6813
2404 9715
2405 9715
2406 3408
2406 3695
2406 3831
2406 4546
2406 9014
2406 10880
2406 11556
2406 12066
2406 12640
2406 13940
2406 18728
2406 18742
2407 8384
2408 3220
2408 3793
2408 5904
2408 7715
2408 8384
2408 9279
2408 12453
2408 13477
2408 14555
2408 16592
2408 18377
2408 18779
2408 18908
2409 7448
2409 15773
2410 2999
2410 3018
2411 4913
2412 9808
2413 18893
2414 3244
2414 10433
2414 12003
2414 14578
2414 17399
2414 18625
2415 9808
2416 10254
2417 6531
2417 6975
2417 10390
2417 11049
2418 5793
2419 8198
2420 2577
2420 11304
2420 18373
2421 3385
2422 2806
2422 4935
2422 6837
2422 8094
2422 8372
2422 8749
2422 10420
2422 14625
2423 5471
2425 2553
2425 2798
2425 3922
2425 4400
2425 5340
2425 6081
2425 6692
2425 6899
2425 6901
2425 7016
2425 7444
2425 8104
2425 8708
2425 9519
2425 9797
2425 10185
2425 10265
2425 11084
2425 11902
2425 12349
2425 12534
2425 12728
2425 13449
2425 13549
2425 13597
2425 13800
2425 13844
2425 13963
2425 14727
2425 14782
2425 15045
2425 15356
2425 15467
2425 15468
2425 16140
2425 17701
2425 17839
2425 18741
2425 18744
2425 18757
2425 18832
2425 18874
2425 18924
2426 14575
2427 4799
2428 3677
2428 5324
2428 8455
2428 8462
2428 9523
2428 11024
2428 11375
2428 14521
2428 16526
2428 17864
2429 6629
2430 11641
2430 13307
2430 18747
2431 11299
2432 15572
2433 6909
2434 3544
2434 4616
2434 10070
2434 12000
2434 12728
2434 18482
2435 16358
2436 18823
2437 4194
2437 6120
2437 6419
2437 6527
2437 8417
2437 9264
2437 10265
2437 13392
2437 14782
2437 16033
2437 16140
2437 17839
2437 18294
2437 18740
2438 14484
2438 15960
2439 12278
2439 14777
2439 18951
2440 14726
2441 3383
2441 4925
2441 8268
2441 9190
2441 9494
2441 11717
2441 12512
2441 18932
2442 18035
2443 8028
2445 8133
2446 16964
2447 4556
2449 4058
2449 10513
2450 12827
2451 11469
2452 9366
2452 18095
2453 7010
2454 3825
2455 19188
2456 2632
2456 2949
2456 3648
2456 5448
2456 8234
2456 13234
2456 13820
2456 13980
2456 13981
2456 16029
2456 17326
2456 17551
2457 11168
2458 15079
2458 15704
2458 17731
2459 2997
2459 17432
2460 3285
2460 4771
2460 5997
2460 9173
2460 9207
2460 9921
2460 10691
2460 11716
2460 12178
2460 12326
2460 13483
2460 14348
2460 16543
2460 16544
2460 18733
2460 18907
2461 2943
2461 3332
2461 5237
2461 8359
2461 13369
2462 14353
2463 4415
2463 4632
2463 4761
2463 4837
2463 5037
2463 9040
2463 13525
2463 14320
2464 3136
2464 4470
2464 5567
2464 8178
2464 15974
2464 19031
2466 18405
2467 7532
2469 4922
2470 12347
2471 13333
2471 15596
2472 14834
2473 9005
2474 3922
2474 5340
2474 12466
2474 16127
2475 3601
2475 3929
2475 4440
2475 6407
2475 7124
2475 9561
2475 10094
2475 17315
2475 18794
2475 18949
2476 8303
2477 3458
2477 8081
2477 8262
2477 12875
2477 15542
2478 13354
2479 7011
2479 11368
2479 11782
2479 13217
2479 13928
2479 15624
2479 19498
2480 13964
2481 15713
2483 8879
2484 4086
2484 4455
2484 5550
2484 7284
2484 10510
2484 14080
2484 14386
2484 16528
2484 17573
2484 17757
2484 17933
2484 18495
2485 12525
2485 17397
2486 5386
2487 17540
2488 5511
2488 12553
2488 15960
2488 17681
2489 18362
2490 4787
2490 16043
2491 3165
2492 18749
2493 2630
2493 6406
2493 7255
2493 7399
2493 9989
2493 10675
2493 12349
2494 18724
2494 18918
2495 4540
2495 5747
2496 18169
2497 12512
2498 12841
2499 9262
2500 5943
2500 13354
2500 14618
2500 15615
2501 3654
2501 4151
2501 4546
2501 6045
2501 8844
2501 9793
2501 10244
2501 10468
2501 10993
2501 11554
2501 11619
2501 12435
2501 12535
2501 12561
2501 14761
2501 16754
2501 19278
2503 9847
2503 17255
2503 18614
2504 12839
2505 12019
2505 12741
2506 3607
2506 4198
2506 4781
2506 5467
2506 5950
2506 6428
2506 7884
2506 8391
2506 8629
2506 9388
2506 12474
2506 12655
2506 13337
2507 15125
2507 16125
2508 18294
2509 3162
2509 5353
2509 7553
2509 7861
2509 8576
2509 9451
2509 10015
2512 11269
2513 12756
2513 15432
2514 4177
2514 11264
2514 13056
2514 15329
2514 18904
2515 3782
2515 5394
2515 5587
2515 10141
2515 11621
2515 11813
2515 12342
2515 12348
2515 13322
2515 14396
2515 15053
2515 17535
2515 18099
2515 18785
2516 4840
2516 4929
2516 7861
2516 7979
2516 7992
2516 12235
2516 13475
2516 13839
2516 15884
2516 18411
2517 15401
2518 4112
2518 5956
2518 9761
2518 15913
2518 18994
2519 11485
2520 3287
2520 6273
2520 8034
2520 12347
2520 12884
2520 14147
2520 15953
2520 17105
2520 17192
2521 14147
2521 17653
2522 5224
2522 7659
2522 8694
2522 9296
2522 10856
2522 16697
2523 2708
2523 4043
2523 4262
2523 4405
2523 4411
2523 5569
2523 6511
2523 8175
2523 9842
2523 11048
2523 11399
2523 13633
2523 18080
2523 18216
2523 18623
2524 2533
2524 7124
2524 7438
2524 10809
2524 18950
2525 16054
2526 3691
2526 4581
2526 5500
2526 9864
2526 10376
2526 10818
2526 12789
2526 13306
2526 13486
2526 17034
2526 17387
2526 18572
2526 18736
2526 19005
2527 4153
2527 4576
2527 10358
2527 19705
2528 5619
2528 5671
2528 7536
2528 15882
2528 19112
2529 16826
2530 3673
2530 3779
2530 9471
2530 12596
2530 14173
2530 18600
2530 18664
2531 5014
2532 2549
2532 2640
2532 2738
2532 3772
2532 4051
2532 4601
2532 7020
2532 8679
2532 8687
2532 8813
2532 12249
2532 12553
2532 15589
2532 15960
2532 17516
2532 18891
2533 3619
2533 4417
2533 5587
2533 6269
2533 6798
2533 8079
2533 11813
2533 13345
2533 14128
2533 14396
2533 14756
2533 15468
2533 15756
2533 15919
2533 18950
2533 18952
2534 3743
2534 7838
2534 7904
2534 8328
2534 9098
2534 9744
2534 9962
2534 10195
2534 10297
2534 11062
2534 11907
2534 12143
2534 12671
2534 12743
2534 14531
2534 14613
2534 14820
2534 15339
2534 15678
2534 16392
2536 15735
2537 15984
2538 3159
2538 3797
2538 5047
2538 5260
2538 5468
2538 7308
2538 7434
2538 7632
2538 9281
2538 11491
2538 12476
2538 14985
2539 4584
2539 10975
2539 13887
2539 15353
2539 15924
2539 17099
2539 18692
2539 19655
2541 12116
2543 4929
2543 5470
2543 7979
2543 7992
2543 8576
2543 9186
2543 10223
2543 10857
2543 11141
2543 13114
2543 18766
2543 18791
2544 14195
2544 16523
2545 4186
2545 13079
2546 2607
2546 3191
2546 6281
2546 9590
2546 14602
2546 15708
2547 5968
2548 13152
2549 2754
2549 3531
2549 5661
2549 6205
2549 6276
2549 7326
2549 8034
2549 8448
2549 8851
2549 10011
2549 13525
2549 13623
2549 14353
2549 14484
2549 14640
2549 16214
2549 16514
2549 17105
2549 18773
2550 10204
2551 14819
2551 16327
2552 11971
2552 14515
2553 4086
2553 4702
2553 5595
2553 6655
2553 7015
2553 7416
2553 7485
2553 7487
2553 8171
2553 8340
2553 9989
2553 11275
2553 11816
2553 12000
2553 13844
2553 14312
2553 19304
2554 3202
2554 4513
2554 6899
2554 7009
2554 7755
2554 9311
2554 9886
2554 10540
2554 10573
2554 10754
2554 11321
2554 11619
2554 12561
2554 14557
2554 14761
2554 15025
2554 15925
2554 16754
2554 18622
2555 5265
2557 6167
2557 11233
2557 12762
2557 14893
2558 16826
2559 2730
2559 4458
2559 5672
2559 6552
2559 6553
2559 7404
2559 8823
2559 9137
2559 12280
2559 12338
2559 12864
2559 15520
2559 18427
2559 19236
2560 7158
2560 17273
2560 18263
2561 4733
2561 9414
2561 10065
2561 16918
2562 14353
2563 3882
2563 6040
2563 6671
2563 7650
2563 9006
2563 10165
2563 11265
2563 11449
2563 12553
2563 16311
2564 6340
2565 3577
2565 7056
2566 11241
2567 2886
2567 5035
2567 6125
2567 6734
2567 7879
2567 9892
2567 10007
2567 14855
2567 15656
2567 15714
2567 16916
2567 18045
2568 7532
2568 9775
2569 18812
2569 18873
2570 10516
2570 14499
2571 3239
2571 3451
2571 3831
2571 8741
2571 9602
2571 10429
2571 10592
2571 10885
2571 10895
2571 11177
2571 12092
2571 12298
2571 13502
2571 15155
2571 15938
2571 15989
2571 16926
2571 17819
2571 17824
2571 18588
2571 18876
2571 19001
2572 15432
2573 4450
2573 4581
2573 5507
2573 11168
2573 11548
2573 12278
2573 15945
2574 5877
2575 6039
2577 3292
2577 4000
2577 4083
2577 4727
2577 6331
2577 7110
2577 8033
2577 9054
2577 11968
2577 15035
2577 16245
2577 16260
2577 16330
2577 16624
2577 17453
2577 17756
2577 17938
2577 19217
2578 5515
2579 5048
2579 8093
2579 9033
2579 12552
2579 17176
2579 18743
2579 18765
2580 15773
2580 16028
2581 2613
2581 2689
2581 4730
2581 6402
2581 9572
2581 10858
2581 12005
2581 13006
2581 13859
2581 15701
2582 3187
2582 16073
2583 11974
2584 6347
2584 7756
2584 9588
2584 11084
2584 14107
2584 15114
2584 15468
2584 17649
2584 17701
2585 16597
2586 7284
2587 8893
2588 15841
2589 3640
2590 3347
2590 3913
2590 4382
2590 7988
2590 8902
2590 10422
2590 11007
2590 14225
2590 16255
2590 17423
2590 18107
2590 18706
2591 5963
2591 6153
2591 8372
2591 10087
2591 10088
2591 13713
2591 18877
2592 6259
2592 9794
2592 11450
2592 13643
2592 18223
2593 3853
2593 4245
2593 5159
2593 5852
2593 6841
2593 8264
2593 14479
2594 5645
2594 11024
2594 13779
2595 15458
2596 17965
2597 15550
2599 10535
2599 16465
2600 11099
2601 3017
2602 11898
2602 15467
2602 15738
2602 17053
2602 18949
2603 3738
2604 10205
2604 11892
2605 4678
2605 4683
2605 7199
2605 15989
2605 15999
2605 16570
2605 17814
2605 17815
2606 16347
2608 3358
2608 3619
2608 4755
2608 8042
2608 11394
2608 11621
2608 17440
2608 18694
2609 10065
2610 5898
2610 6169
2610 6443
2611 13052
2611 16637
2612 3005
2612 5888
2612 6243
2612 10184
2612 12443
2612 12483
2612 12966
2612 14744
2612 16179
2612 19066
2613 3971
2613 5329
2613 6283
2615 2645
2615 2981
2615 4397
2615 5340
2615 6899
2615 7130
2615 8352
2615 9608
2615 9797
2615 14454
2615 15356
2615 17193
2616 13118
2618 4411
2619 4315
2620 12201
2621 9315
2622 6934
2622 17301
2623 3757
2623 3858
2623 4281
2623 5305
2623 5430
2623 5619
2623 6684
2623 6903
2623 8012
2623 8749
2623 8987
2623 9649
2623 10990
2623 11580
2623 12125
2623 12734
2623 12924
2623 13795
2623 13876
2623 14110
2623 14376
2623 14607
2623 14654
2623 15479
2623 15648
2623 15857
2623 16384
2623 17510
2623 17910
2623 18745
2624 12726
2625 3190
2625 4917
2625 18430
2626 3218
2627 17573
2628 10425
2631 3459
2631 7065
2631 11748
2631 13278
2631 15867
2631 19586
2634 18068
2635 6352
2636 5137
2637 8058
2638 17859
2639 3728
2640 13420
2641 9725
2641 15578
2642 16770
2643 8626
2644 6794
2644 11262
2644 13677
2644 18765
2645 3216
2645 5348
2645 5722
2645 5847
2645 7130
2645 7485
2645 7853
2645 8104
