4239 16794
4239 18701
4240 4368
4240 7432
4240 14861
4240 15074
4240 15712
4240 17287
4240 18369
4241 16901
4242 5800
4242 7828
4242 16495
4243 16697
4244 8424
4244 15542
4245 6702
4245 7228
4245 7455
4245 8299
4245 8585
4245 10739
4245 12982
4245 13560
4245 14028
4245 15147
4246 4771
4246 5997
4246 6411
4246 8823
4246 9921
4246 12178
4246 13458
4246 13882
4246 16543
4246 16544
4246 16546
4246 17019
4246 18733
4246 18907
4247 4262
4247 4893
4247 11121
4248 4684
4248 5796
4248 6495
4248 7289
4248 12099
4248 16117
4249 8359
4249 11840
4250 11866
4250 12285
4251 9017
4252 8192
4252 8857
4252 9983
4252 11403
4252 15769
4252 16772
4252 17593
4253 10513
4254 6411
4255 11332
4256 9588
4257 6406
4257 6800
4257 7409
4257 8403
4257 8886
4257 9471
4257 10370
4257 10429
4257 10769
4257 11865
4257 13322
4257 13709
4257 15130
4257 15919
4257 17599
4258 17194
4259 17415
4260 5295
4260 7113
4261 4976
4261 7180
4261 7496
4261 8621
4261 10433
4261 14970
4261 16051
4261 17687
4262 4976
4262 5420
4262 5601
4262 5935
4262 6336
4262 6484
4262 6977
4262 7711
4262 7906
4262 8289
4262 8381
4262 8753
4262 8961
4262 9181
4262 10014
4262 10088
4262 11309
4262 11603
4262 11640
4262 11809
4262 12463
4262 12592
4262 12711
4262 13305
4262 13746
4262 13882
4262 14275
4262 16122
4262 16717
4262 16841
4262 16999
4262 17982
4262 18556
4262 18799
4262 18898
4262 19270
4262 19429
4263 5908
4263 7775
4263 7842
4263 10896
4263 13844
4263 15044
4263 16127
4263 17899
4263 18589
4263 18846
4265 19161
4266 14819
4267 8748
4267 10247
4268 5075
4269 9268
4270 17301
4271 11800
4273 6849
4273 7183
4273 7668
4273 8534
4273 9845
4273 10253
4273 10988
4273 12109
4273 14095
4273 14891
4273 16883
4273 17191
4273 17542
4273 19146
4274 5048
4274 12142
4274 15197
4275 5258
4275 6379
4275 7466
4275 7893
4275 19081
4275 19197
4275 19268
4277 18310
4278 7838
4279 18906
4280 6443
4281 7711
4281 9568
4281 11121
4281 13263
4281 13541
4281 15498
4281 15947
4281 16717
4281 17687
4281 18322
4281 18623
4281 18792
4281 18809
4281 18824
4282 5896
4284 5622
4284 8423
4284 11968
4284 12320
4284 12786
4284 13453
4284 15272
4284 17097
4284 18845
4284 19715
4285 14044
4285 14045
4286 17899
4286 18846
4287 9237
4287 11140
4288 10304
4289 14567
4290 5463
4290 9978
4291 4813
4291 8879
4291 13453
4293 18109
4294 4696
4294 6836
4294 7452
4294 10886
4294 11640
4294 11716
4294 12267
4294 12592
4294 15495
4294 16545
4294 17012
4294 17019
4294 17026
4294 18016
4294 18288
4294 19151
4295 9596
4295 12357
4295 18936
4296 5375
4296 13703
4297 5333
4297 6968
4297 10629
4297 11372
4297 12019
4297 12440
4297 14445
4297 15927
4297 16098
4297 18072
4297 18199
4297 18921
4298 4765
4298 5871
4298 5946
4298 6073
4298 7108
4298 11372
4298 11537
4298 11894
4298 14654
4298 15096
4298 15864
4299 5375
4299 14815
4300 10457
4301 18966
4302 9026
4303 12756
4304 17315
4305 18361
4306 10629
4307 4620
4307 15079
4307 18589
4308 7291
4308 7324
4308 8742
4308 8768
4308 9324
4308 13132
4308 17801
4310 13534
4311 7832
4311 10163
4312 11012
4312 14044
4312 14045
4313 8133
4314 11484
4314 12632
4314 13475
4315 4421
4315 4893
4315 7976
4315 8822
4315 12115
4315 13712
4315 16833
4316 4376
4316 5305
4316 9749
4316 13933
4316 16176
4316 17766
4316 17921
4316 19373
4318 7168
4319 8626
4320 6689
4320 8868
4321 12960
4322 10403
4322 11582
4322 17748
4323 4513
4323 7399
4323 9886
4323 10754
4323 11007
4323 11554
4323 11935
4323 12435
4323 12439
4323 12561
4323 14008
4323 14889
4323 18421
4323 18622
4323 19037
4323 19278
4324 11277
4325 17155
4326 5943
4328 10211
4328 14044
4328 14045
4329 15572
4329 18370
4330 5265
4331 7659
4331 12655
4331 13337
4332 4503
4332 5549
4332 7091
4332 7422
4332 8509
4332 8816
4332 11450
4332 19374
4333 14862
4334 7456
4335 8032
4336 8426
4336 9014
4336 11898
4336 15738
4336 17053
4336 18820
4337 15155
4338 16415
4339 9294
4339 9941
4339 12216
4339 13849
4340 4411
4340 5346
4340 5355
4340 5797
4340 6043
4340 7445
4340 8974
4340 9983
4340 11296
4340 11372
4340 11894
4340 12019
4340 12576
4340 13052
4340 14609
4340 15087
4340 15864
4340 17956
4340 18069
4340 18497
4340 19281
4341 16054
4342 12019
4343 4397
4343 4440
4343 5565
4343 7307
4343 8030
4343 9466
4343 11211
4343 11456
4343 14127
4343 17128
4343 17315
4343 18811
4344 7254
4345 5827
4345 6981
4345 8084
4345 8468
4345 8605
4345 15614
4346 6077
4347 16579
4348 13980
4349 4984
4349 10568
4350 17911
4352 6851
4353 19016
4354 6548
4354 9171
4354 13124
4354 19271
4355 9005
4356 4477
4356 6165
4356 7293
4356 11450
4356 13568
4356 13760
4356 14453
4356 14633
4356 18736
4357 8263
4359 10632
4359 15577
4360 19141
4361 13151
4362 14463
4362 16221
4363 6143
4363 10431
4363 11443
4363 13925
4364 17949
4365 16810
4366 10431
4366 11759
4367 5429
4369 8464
4369 10594
4370 6283
4372 7666
4372 10389
4373 5515
4373 7322
4373 11528
4374 15843
4375 7448
4375 10587
4375 15298
4376 8376
4376 10226
4377 5099
4378 12955
4378 16880
4379 16360
4380 7140
4381 7318
4382 12357
4382 13312
4382 18846
4383 15954
4384 4442
4384 18178
4385 5730
4385 16443
4386 16443
4387 8862
4388 5108
4388 5519
4388 6390
4388 8918
4388 10039
4388 14092
4388 14741
4388 14953
4388 16429
4388 17331
4390 4798
4392 15577
4392 18817
4393 6655
4393 7990
4393 8042
4393 9166
4393 10919
4393 11816
4393 12098
4393 14284
4393 15266
4393 15356
4393 15540
4393 18722
4393 18910
4394 15361
4395 12786
4396 16766
4396 18667
4397 4874
4397 6185
4397 7516
4397 10029
4397 12926
4397 13020
4397 13364
4397 14114
4397 14284
4397 15881
4397 16300
4397 17440
4398 18446
4399 8454
4399 14893
4400 4405
4400 4537
4400 5440
4400 8426
4400 8697
4400 8708
4400 9014
4400 9440
4400 10690
4400 11816
4400 12251
4400 13940
4400 14284
4400 15467
4400 15671
4400 15738
4400 15788
4400 17053
4400 18744
4402 4645
4402 4893
4402 5258
4402 7711
4402 9689
4402 10728
4402 11640
4402 11809
4402 12592
4402 12711
4402 13305
4402 13402
4402 13746
4402 15122
4402 15498
4402 16717
4402 16945
4402 17982
4402 18792
4402 18897
4402 18898
4403 4798
4403 9249
4403 13677
4404 4929
4404 5470
4404 7861
4404 7979
4404 7992
4404 13114
4404 13405
4404 18766
4405 5440
4405 6655
4405 8352
4405 8668
4405 8912
4405 9656
4405 11884
4405 11939
4405 12203
4405 14117
4405 15284
4405 15788
4405 16124
4405 17053
4407 8448
4408 6262
4408 17664
4409 8717
4409 16560
4409 18906
4410 13415
4411 5123
4411 5517
4411 5548
4411 6268
4411 6324
4411 6688
4411 6704
4411 7614
4411 7843
4411 8671
4411 9384
4411 10027
4411 10215
4411 10276
4411 10403
4411 10548
4411 10662
4411 10705
4411 11029
4411 11111
4411 11450
4411 11479
4411 11732
4411 11829
4411 11938
4411 12130
4411 12576
4411 12630
4411 12684
4411 13018
4411 13595
4411 14302
4411 14687
4411 14750
4411 15086
4411 15271
4411 15913
4411 16582
4411 16798
4411 17050
4411 17211
4411 17224
4411 17773
4411 18043
4411 18745
4411 18994
4411 19082
4411 19114
4411 19361
4413 5666
4414 7560
4414 8626
4415 5661
4415 12126
4415 13525
4415 18169
4416 12479
4417 9310
4417 12713
4417 13491
4417 16910
4417 18694
4420 8445
4421 4893
4421 5604
4421 6684
4421 7711
4421 7744
4421 8289
4421 8542
4421 8961
4421 9181
4421 9931
4421 10488
4421 11443
4421 11809
4421 11977
4421 12592
4421 13305
4421 13746
4421 14603
4421 15498
4421 16999
4421 18067
4421 18070
4421 18145
4421 18824
4421 18867
4421 18898
4421 19610
4422 4514
4422 4833
4422 5527
4422 7768
4422 10120
4422 12876
4422 14277
4422 16342
4422 17138
4423 18589
4425 12559
4426 10776
4427 9884
4428 13803
4428 18906
4429 4823
4429 9402
4429 13140
4429 14008
4430 4532
4431 11099
4432 4443
4432 6293
4432 15981
4433 8687
4434 17335
4435 16098
4436 6411
4436 7098
4436 7711
4436 8823
4436 9289
4436 9643
4436 9921
4436 11555
4436 12012
4436 13595
4436 13882
4436 14603
4436 17228
4436 18080
4436 18433
4436 18739
4436 18907
4437 6199
4437 8656
4437 11233
4438 15063
4440 4686
4440 8387
4440 9688
4440 10859
4440 11260
4440 12595
4440 14562
4440 14926
4440 17315
4440 18978
4441 10359
4442 4624
4442 4737
4442 6652
4442 7449
4442 7480
4442 11476
4442 11921
4442 15431
4442 17203
4442 18178
4443 5294
4443 6628
4443 8071
4443 8229
4443 9979
4443 15644
4443 17271
4443 17804
4443 18119
4443 18844
4444 7821
4445 4655
4445 5340
4445 5968
4445 7438
4445 8079
4445 8104
4445 8527
4445 9389
4445 9847
4445 10383
4445 11084
4445 11936
4445 13261
4445 13549
4445 14356
4445 14727
4445 15045
4445 15356
4445 15468
4445 17133
4445 17437
4445 17599
4445 17649
4445 17701
4445 17933
4445 18294
4445 18870
4445 18874
4446 14417
4447 14417
4448 10383
4449 18035
4450 4522
4450 5060
4450 5823
4450 6032
4450 6526
4450 7091
4450 7097
4450 7230
4450 7573
4450 7625
4450 7929
4450 8450
4450 8800
4450 9407
4450 9970
4450 10065
4450 11024
4450 11988
4450 12644
4450 13028
4450 13099
4450 14076
4450 14103
4450 15761
4450 16097
4450 16679
4450 16689
4450 17356
4450 18723
4450 18752
4451 12564
4452 4743
4453 17166
4454 10373
4454 17847
4454 18744
4455 5611
4455 6579
4455 7009
4455 7284
4455 10074
4455 10529
4455 11644
4455 13035
4455 14979
4455 15722
4455 17675
4455 17933
4455 18728
4455 18742
4456 11957
4457 4895
4458 7862
4458 10258
4458 14315
4458 18809
4459 17295
4460 6173
4460 9535
4460 16997
4461 14832
4462 14417
4463 5744
4464 6697
4464 6749
4464 8661
4464 8981
4464 14358
4465 9883
4466 16697
4467 5898
4468 7756
4469 14626
4469 14996
4469 15536
4469 18725
4470 18252
4471 18911
4472 4813
4473 4799
4474 10254
4475 4678
4476 9088
4476 13321
4476 15557
4476 19221
4476 19395
4477 5048
4477 8893
4477 11989
4477 12142
4477 13996
4477 18743
4478 10204
4479 11641
4480 8293
4481 17335
4481 17926
4482 8225
4482 18580
4483 5202
4483 10111
4484 13301
4485 18191
4486 5099
4487 8626
4488 6969
4489 5386
4489 18839
4490 14722
4490 19068
4492 17439
4493 4596
4493 4774
4493 5703
4493 7678
4493 7704
4493 7929
4493 11117
4493 14741
4493 14953
4493 14971
4493 17726
4493 18441
4494 11548
4494 14721
4495 5515
4497 4924
4497 15663
4498 13730
4500 12877
4500 16004
4501 6217
4502 17814
4503 6690
4503 7901
4503 15682
4503 16868
4505 5429
4505 5538
4505 7293
4505 8502
4505 9133
4505 11450
4505 12120
4506 7901
4507 13280
4508 12678
4510 5908
4511 5737
4511 13151
4511 16444
4512 18236
4513 5368
4513 5550
4513 6572
4513 7533
4513 7579
4513 7994
4513 8497
4513 8598
4513 11381
4513 11469
4513 12066
4513 12145
4513 12353
4513 13089
4513 13675
4513 13931
4513 15155
4513 16528
4513 16810
4513 17933
4513 18320
4513 18614
4513 18742
4513 18903
4514 8862
4514 14277
4514 14686
4514 16342
4514 16560
4514 16865
4515 5434
4515 6992
4515 7294
4515 11310
4515 12673
4515 15395
4516 12278
4517 6365
4517 18840
4518 5324
4518 17993
4519 5616
4519 18381
4520 7311
4520 7445
4520 9983
4520 12747
4520 14218
4521 6107
4521 9813
4522 5029
4522 5324
4522 6690
4522 8093
4522 10243
4522 10383
4523 5949
4523 8370
4523 11507
4523 11996
4524 8130
4524 18839
4525 4938
4526 7756
4526 18779
4527 5178
4527 5275
4527 6058
4527 6876
4527 8384
4527 9471
4527 10737
4527 10776
4527 10896
4527 12132
4527 13020
4527 18098
4527 18394
4527 18849
4527 18934
4527 19442
4528 16070
4529 4794
4529 8530
4529 8864
4529 11225
4529 12272
4530 12933
4532 13111
4532 15209
4532 17366
4532 19072
4533 6081
4533 6215
4533 6861
4533 8344
4533 8701
4533 10250
4533 12751
4533 13261
4533 15677
4533 16031
4533 17624
4534 18035
4535 5716
4535 9186
4535 10752
4536 7966
4537 4586
4537 5178
4537 5340
4537 5595
4537 6120
4537 6920
4537 7156
4537 7296
4537 7533
4537 8668
4537 9490
4537 9519
4537 12102
4537 12903
4537 13469
4537 14414
4537 15113
4537 15326
4537 15467
4537 15722
4537 15780
4537 16003
4537 16676
4537 17111
4537 17193
4537 17255
4537 17492
4537 18744
4537 19306
4538 5197
4538 5749
4538 7814
4538 8275
4538 8406
4538 8950
4538 10229
4538 14571
4538 15544
4538 15770
4538 15975
4538 16198
4538 16283
4538 17453
4538 18455
4539 7804
4540 7587
4540 12075
4540 13564
4540 15031
4541 18035
4542 15841
4543 5353
4544 4546
4544 5467
4544 5493
4544 6861
4544 7115
4544 7150
4544 7540
4544 7994
4544 8912
4544 9083
4544 10706
4544 11848
4544 11902
4544 12066
4544 12349
4544 12974
4544 12978
4544 13364
4544 13403
4544 13472
4544 13675
4544 13940
4544 13975
4544 14305
4544 16129
4544 16810
4544 18742
4544 18843
4545 12512
4546 5130
4546 6001
4546 6600
4546 6861
4546 7115
4546 7842
4546 8127
4546 8659
4546 8958
4546 9014
4546 9367
4546 10198
4546 10397
4546 10540
4546 11055
4546 11228
4546 11335
4546 12021
4546 12135
4546 12349
4546 12561
4546 13304
4546 13364
4546 13717
4546 14008
4546 14175
4546 14305
4546 14317
4546 14557
4546 15025
4546 15250
4546 16129
4546 16747
4546 17182
4546 17899
4546 18670
4546 18742
4546 18889
4546 19064
4546 19400
4546 19569
4548 8198
4548 18747
4549 13131
4549 18731
4550 6567
4550 12673
4551 15481
4552 8489
4552 15020
4553 6040
4553 8730
4553 10699
4553 11449
4553 11450
4553 14353
4553 14618
4553 17438
4553 18326
4554 5796
4554 6077
4554 6081
4554 11157
4554 11475
4554 12098
4554 12738
4555 5386
4555 11233
4556 4916
4556 5785
4556 9965
4556 13984
4556 14036
4556 15216
4556 16313
4557 6295
4557 6394
4557 9186
4557 14780
4557 19027
4558 12142
4559 5708
4559 5926
4559 6095
4559 6883
4559 7180
4559 7277
4559 7829
4559 10872
4559 12125
4559 12340
4559 13876
4559 14376
4559 15189
4559 16295
4559 17187
4559 18986
4560 12678
4560 13623
4561 8021
4561 9507
4561 10528
4561 10725
4561 11839
4561 13631
4561 15172
4561 16691
4562 15589
4563 12974
4563 17664
4563 18614
4564 5536
4564 6417
4564 6452
4564 8916
4564 11450
4564 13661
4564 17006
4564 17174
4564 19226
4565 10435
4567 11353
4568 8653
4569 9943
4570 10269
4570 15390
4571 15700
4572 14207
4573 4989
4574 5918
4574 6443
4574 11971
4574 15589
4574 15773
4575 9561
4577 14207
4578 6159
4578 8037
4578 8250
4578 9244
4578 11845
4578 12256
4578 13139
4578 13521
4578 13833
4578 17505
4578 18519
4581 5002
4581 5500
4581 5538
4581 5859
4581 7293
4581 7388
4581 8750
4581 11024
4581 11262
4581 11453
4581 12680
4581 14076
4581 15542
4581 15663
4581 16357
4581 17034
4581 17192
4581 17387
4581 17781
4581 18736
4582 16391
4583 5790
4583 18976
4585 10070
4585 11621
4585 13844
4585 14127
4585 14396
4586 4616
4586 5225
4586 6684
4586 7561
4586 9910
4587 5800
4588 15982
4589 13336
4591 6210
4591 8348
4592 17876
4593 15307
4594 9083
4594 10285
4595 12955
4597 7356
4597 10857
4598 13140
4599 10856
4600 13541
4601 5511
4601 8687
4601 8715
4601 16416
4602 6261
4602 10282
4602 11307
4603 11800
4604 15952
4605 17415
4606 9066
4606 10600
4607 11840
4608 17191
4609 6273
4609 14216
4609 17415
4610 5594
4610 18945
4611 11262
4611 15003
4612 13677
4614 7159
4614 7162
4614 12276
4614 12949
4614 15180
4614 15521
4616 7399
4616 7416
4616 7583
4616 11917
4616 12077
4616 12334
4616 12728
4616 14899
4616 17423
4617 9181
4619 8028
4620 6271
4620 7006
4620 7195
4620 8880
4620 9423
4620 11718
4620 11941
4620 12057
4620 12712
4620 13506
4620 13917
4620 15204
4620 15415
4620 15421
4620 16980
4620 17279
4621 13623
4621 16214
4621 16505
4622 8025
4622 10113
4622 11670
4622 12335
4622 14707
4622 16922
4623 10427
4624 7267
4624 11752
4624 17788
4625 5406
4625 5763
4625 6480
4625 6789
4625 6932
4625 10582
4625 10815
4625 11925
4625 16415
4625 17497
4626 6501
4627 6631
4629 13311
4629 15843
4630 12638
4631 5024
4631 5579
4631 5661
4631 8034
4631 12347
4631 13525
4631 17105
4631 18729
4632 5024
4632 5579
4632 5661
4632 8034
4632 10513
4632 12126
4632 13525
4632 14484
4632 18169
4633 5610
4633 14353
4634 15577
4635 13237
4635 17525
4635 18032
4636 14275
4638 5609
4638 6045
4638 7273
4638 7528
4638 7712
4638 10212
4638 11321
4638 11468
4638 11847
4638 13337
4638 14988
4638 16087
4638 16142
4638 17208
4638 18794
4638 18812
4638 18820
4638 18949
4639 19020
4640 18770
4641 10141
4641 15468
4641 16379
4642 6149
4642 12623
4642 15995
4643 5340
4643 12466
4644 17069
4645 7828
4645 8734
4645 14031
4645 18145
4645 18897
4646 14742
4647 7027
4647 10654
4647 11751
4647 14051
4647 14450
4647 14862
4647 14990
4647 16570
4647 18586
4647 18929
4647 19248
4648 9197
4648 13757
4651 7861
4652 5920
4653 5428
4653 5997
4653 9921
4653 10512
4653 11716
4653 12178
4653 15866
4653 16418
4653 16543
4653 16544
4653 16546
4653 18733
4653 18907
4654 5810
4654 5978
4654 7456
4654 7720
4654 7793
4654 7875
4654 8915
4654 9593
4654 10035
4654 13662
4654 14511
4654 17419
4654 18748
4654 18866
4655 6798
4655 7487
4655 7853
4655 10896
4655 11055
4655 11665
4655 13016
4655 14284
4656 13336
4657 13405
4657 18791
4658 12875
4659 14218
4660 15008
4661 11349
4662 15188
4663 11820
4665 16443
4666 18809
4667 8708
4667 10256
4667 12102
4667 17053
4667 17111
4667 17649
4668 9046
4668 18989
4668 19016
4669 8288
4669 8874
4669 10430
4669 12948
4669 14721
4670 7258
4671 17192
4672 10880
4672 17653
4673 8572
4674 10425
4674 18756
4675 5569
4675 12092
4676 8956
4677 9232
4678 7393
4678 8024
4678 8068
4678 8586
4678 10293
4678 15562
4678 15634
4678 16321
4678 17396
4679 13925
4681 7852
4682 8970
4682 9775
4682 14426
4682 15405
4682 18956
4683 6511
4683 9901
4683 10308
4684 10265
4684 14782
4684 17847
4685 14467
4687 4874
4687 5988
4687 6806
4687 8030
4687 11236
4687 11997
4688 9568
4688 17499
4688 18977
4689 6353
4689 7283
4689 7636
4689 7729
4689 10765
4689 16295
4689 19034
4691 8221
4692 5237
4692 9765
4692 16964
4693 6833
4694 5306
4694 5307
4694 9977
4694 17771
4694 18745
4694 19017
4695 8295
4695 16268
4696 4980
4696 5054
4696 6244
4696 6411
4696 7452
4696 8263
4696 12267
4696 13989
4696 17019
4696 17025
4696 17026
4696 17165
4696 18288
4697 18906
4700 7311
4702 5524
4702 6141
4702 7103
4702 7579
4702 8498
4702 9989
4702 10265
4702 12000
4702 12054
4702 13620
4702 14183
4702 14284
4702 14383
4702 15322
4702 17183
4702 17337
4706 4974
4706 17673
4707 13983
4707 17730
4707 18058
4708 5054
4708 7301
4708 16958
4708 18701
4710 5968
4710 7254
4711 6511
4711 8555
4711 10856
4711 15008
4711 16697
4712 8032
4714 16305
4715 17003
4716 18625
4717 6391
4717 7453
4717 11375
4717 14056
4717 15289
4718 15513
4719 12512
4720 13200
4722 5027
4722 7116
4722 8509
4722 8510
4722 12256
4722 13661
4722 14447
4722 17006
4722 18827
4723 6509
4724 8803
4725 12512
4726 10818
4728 16495
4729 7480
4731 16565
4732 9026
4732 13235
4732 13336
4732 15189
4732 17415
4733 4791
4733 5058
4733 6238
4733 6296
4733 6568
4733 7178
4733 7465
4733 7709
4733 9878
4733 9998
4733 10282
4733 11370
4733 11752
4733 13256
4733 14516
4733 15005
4733 15128
4733 15386
4733 15664
4733 15698
4733 15715
4733 16384
4733 18211
4733 18242
4733 18821
4734 13839
4735 11288
4736 6642
4738 11638
4739 5852
4740 19016
4741 8361
4742 15761
4743 7138
4743 7799
4743 8288
4743 8568
4743 8577
4743 10754
4743 11531
4743 11863
4743 12093
4743 14821
4743 16288
4743 17319
4743 18275
4743 18389
4743 18752
4744 7112
4744 9241
4744 15222
4745 8042
4745 12369
4745 13511
4745 15266
4746 5819
4747 10466
4747 13280
4747 19024
4748 10181
4748 15522
4749 11886
4750 11731
4750 12637
4750 15804
4750 18743
4751 7853
4751 9263
4751 9264
4751 10185
4751 10383
4751 11055
4751 11902
4751 15925
4751 17649
4751 17839
4752 4868
4752 5324
4752 5336
4752 5497
4752 5500
4752 6698
4752 8221
4752 9390
4752 9723
4752 12457
4752 12789
4752 15891
4752 16880
4753 17526
4754 18781
4755 5728
4755 8232
4755 10141
4755 11394
4755 15053
4755 17464
4756 6167
4756 8656
4757 8790
4758 5045
4758 6469
4758 6696
4758 7481
4758 10905
4758 11400
4758 11907
4758 17542
4758 18782
4759 9306
4759 10185
4759 10540
4759 10603
4759 10758
4759 11816
4759 13277
4759 16282
4759 16778
4759 17741
4760 10254
4762 10061
4762 18178
4763 6642
4764 11981
4764 15868
4764 17673
4765 6073
4765 13803
4766 7377
4767 14688
4768 7134
4769 7219
4770 8626
4771 5021
4771 5902
4771 9081
4771 9173
4771 9289
4771 10512
4771 13241
4772 10203
4773 12741
4774 6000
4774 6850
4774 7136
4774 11170
4774 13188
4774 13604
4774 17926
4775 5797
4775 12019
4775 17956
4775 18069
4776 18756
4777 9596
4778 14791
4779 13000
4779 17034
4780 17932
4780 18315
4780 18740
4781 11526
4781 13337
4782 5026
4782 11887
4782 12394
4782 12587
4782 12954
4782 14380
4783 4792
4783 7465
4783 16824
4783 17523
4784 17281
4786 7666
4787 12795
4787 12806
4787 13010
4787 15556
4787 15795
4787 17184
4788 8454
4788 11052
4788 11774
4789 9177
4789 19169
4790 6794
4791 5306
4791 5605
4791 5619
4791 6568
4791 7180
4791 7973
4791 10301
4791 12714
4791 12887
4791 12924
4791 13256
4791 13795
4791 14502
4791 15664
4791 15857
4791 16278
4791 17054
4791 17539
4791 17771
4791 18853
4791 19247
4793 5463
4794 8864
4794 16578
4794 18776
4795 17933
4796 15589
4797 15843
4798 5843
4798 6843
4798 9040
4798 10257
4798 10276
4798 10541
4798 15588
4798 15900
4799 5292
4799 6292
4799 8139
4799 8384
4799 8580
4799 10848
4799 12062
4799 12573
4799 12596
4799 13028
4799 14421
4799 14959
4799 15101
4799 15760
4799 15944
4799 19094
4800 5877
4800 6117
4800 17730
4801 8225
4802 9386
4803 10521
4804 11895
4805 17365
4806 8407
4806 8472
4806 9782
4806 10570
4806 11869
4806 15414
4806 15811
4806 16664
4807 9173
4807 18786
4808 7027
4808 16570
4811 6273
4811 13623
4811 15189
4811 15615
4811 16770
4811 18900
4812 8293
4813 5723
4813 6349
4813 8751
4813 9370
4813 10306
4813 11852
4813 12956
4813 13384
4813 13689
4813 14106
4813 15325
4813 15662
4813 16055
4813 17693
4813 18103
4813 18470
4813 19312
4814 16958
4815 15545
4816 9222
4817 10270
4817 11288
4817 11456
4817 16989
4817 17636
4818 15179
4818 18683
4819 15825
4820 8447
4820 11484
4820 12632
4820 13761
4820 19053
4821 11121
4821 12720
4821 18798
4823 5612
4823 7900
4823 8329
4823 8945
4823 9519
4823 10510
4823 10690
4823 10754
4823 10920
4823 11188
4823 11456
4823 13277
4823 15696
4823 18742
4824 5496
4825 18900
4826 7326
4826 9802
4826 16770
4826 17415
4826 18900
4827 9289
4828 4893
4828 7407
4828 13474
4828 14077
4828 15298
4829 8813
4829 10332
4829 18221
4829 18224
4830 9983
4830 17593
4832 15841
4833 6702
4833 7527
4833 10498
4833 11460
4833 12876
4833 13143
4833 15362
4833 18644
4834 5800
4834 10744
4835 14294
4836 13400
4836 18836
4837 5024
4837 5579
4837 5661
4837 6205
4837 8034
4837 10513
4837 13623
4837 14147
4837 14471
4837 14484
4837 14640
4837 15960
4837 16770
4837 17105
4837 17192
4837 18729
4838 18035
4839 12884
4840 4934
4840 6204
4840 8365
4840 9229
4840 10223
4840 15854
4843 10203
4844 6851
4846 6236
4846 6952
4846 7297
4846 7792
4846 8632
4846 8780
4846 9865
4846 10821
4846 11246
4846 11312
4846 13167
4846 13325
4846 14465
4846 15453
4846 15639
4846 16538
4846 17130
4846 17470
4846 17530
4846 19032
4847 7407
4847 13474
4847 14077
4848 8368
4848 10310
4848 10752
4848 14045
4848 15849
4848 16820
4848 16943
4849 8372
4849 9094
4849 11054
4849 11894
4849 12944
4849 13696
4849 14654
4849 19541
4850 10434
4850 12177
4852 16523
4853 12247
4854 13046
4854 14358
4854 15390
4854 18589
4856 12354
4857 7124
4857 7316
4857 9193
4857 9241
4857 10856
4857 11211
4857 13191
4857 15025
4858 8058
4859 12512
4860 8153
4860 8169
4860 8524
4860 8637
4860 8676
4860 11161
4860 11271
4860 11372
4860 12928
4860 14340
4860 14702
4860 15312
4860 17308
4860 18190
4860 18554
4861 9466
4861 13068
4862 4912
4862 5054
4862 5104
4862 8817
4862 11478
4862 13989
4862 14006
4862 14910
4862 17072
4862 17116
4862 18739
4863 5941
4863 17119
4863 17399
4865 9181
4865 10297
4866 6191
4866 8266
4866 9936
4866 11906
4866 16639
4867 16604
4868 11024
4869 13453
4870 12555
4871 13809
4872 9901
4872 14013
4874 5988
4874 6582
4874 9608
4874 11997
4875 10297
4876 4907
4876 5108
4876 5295
4876 8518
4876 9926
4876 10276
4876 10655
4876 11379
4876 11988
4876 12034
4876 16082
4876 16944
4877 9315
4878 9485
4878 12337
4878 13739
4878 13890
4878 14997
4878 16730
4878 18816
4879 5294
4879 5435
4879 6293
4880 12385
4881 8364
4882 4942
4884 11800
4886 8998
4887 10436
4887 12000
4889 14044
4889 14045
4890 10107
4891 16495
4891 16989
4892 8616
4892 17122
4893 5106
4893 5328
4893 6684
4893 7711
4893 7744
4893 8396
4893 8753
4893 8961
4893 9181
4893 9931
4893 10932
4893 11454
4893 11461
4893 11499
4893 11809
4893 12457
4893 12592
4893 12720
4893 12937
4893 13305
4893 13746
4893 13882
4893 13964
4893 14124
4893 14603
4893 14624
4893 15305
4893 16717
4893 16823
4893 17151
4893 18145
4893 18702
4893 18867
4893 18897
4893 18898
4893 19651
4894 13940
4895 6557
4895 7895
4895 8141
4895 10131
4895 11449
4895 11817
4895 12194
4895 12264
4895 12768
4895 13723
4895 13950
4895 15806
4895 16026
4895 16340
4895 16508
4895 17005
4895 17426
4895 17513
4895 18797
4895 19090
4896 5318
4896 6970
4898 6224
4899 5522
4899 6039
4899 11052
4900 11016
4901 12448
4902 10846
4902 16697
4903 6334
4904 6686
4906 5616
4906 7311
4907 6190
4908 7852
4909 7095
4909 9513
4909 14373
4910 17399
4911 6733
4911 11407
4911 12160
4911 13558
4911 14970
4911 15571
4911 15769
4911 16051
4911 18122
4911 18558
4911 18937
4912 5276
4912 6411
4912 7452
4912 7850
4912 8263
4912 8372
4912 9485
4912 9500
4912 9548
4912 12699
4912 13621
4912 13989
4912 17019
4912 17025
4912 17026
4912 17165
4912 17641
4912 18093
4912 18733
4912 18907
4913 5079
4913 5745
4913 9074
4913 9134
4913 11934
4913 12224
4913 12997
4913 15013
4913 15057
4913 19124
4913 19335
4914 5579
4914 7243
4914 7829
4914 8093
4914 9026
4914 14207
4914 14654
4914 17415
4914 17593
4914 18768
4915 7228
4916 5236
4916 13285
4916 13841
4916 14566
4916 17676
4917 7720
4917 11053
4917 11894
4917 13077
4917 13706
4917 15909
4917 17717
4919 16100
4921 17899
4921 18846
4922 7783
4922 8432
4922 9927
4922 11857
4922 13161
4922 13823
4922 13926
4922 15980
4922 19451
4923 5470
4923 5706
4923 5783
4923 6085
4923 6949
4923 7979
4923 7992
4923 8074
4923 8188
4923 10307
4923 11864
4923 12235
4923 12261
4923 13136
4923 17297
4923 17451
4923 17747
4923 17845
4923 18766
4924 5288
4924 7126
4924 7868
4924 10409
4924 11623
4924 12513
4924 13765
4924 14198
4924 14246
4924 14608
4924 14987
4924 15663
4924 15880
4924 16724
4924 17718
4924 17842
4924 18417
4924 18703
4925 17166
4926 13633
4927 5356
4927 5839
4927 8668
4927 9519
4927 11893
4927 17193
4927 17901
4928 7136
4928 7836
4929 5407
4929 5668
4929 5716
4929 6949
4929 7992
4929 9004
4929 9186
4929 9904
4929 10082
4929 10388
4929 10863
4929 11363
4929 13297
4929 13444
4929 15884
4929 17265
4929 18616
4929 19170
4930 5375
4930 7018
4930 9597
4930 11955
4930 12019
4930 15577
4930 18252
4930 18754
4932 5021
4932 5104
4932 5568
4932 5997
4932 6411
4932 7151
4932 7452
4932 8372
4932 8823
4932 9173
4932 9289
4932 9568
4932 9921
4932 10227
4932 10650
4932 10796
4932 11409
4932 11716
4932 12178
4932 13172
4932 13688
4932 13882
4932 14006
4932 14021
4932 14387
4932 14603
4932 14900
4932 15513
4932 16543
4932 16544
4932 16546
4932 17019
4932 17025
4932 17026
4932 18242
4932 18497
4932 18733
4932 18739
4932 18907
4932 18926
4933 5147
4933 17819
4933 19001
4934 10223
4935 5521
4935 16190
4935 18425
4936 11641
4936 15615
4937 8221
4937 9390
4938 5252
4938 5533
4938 6864
4938 7214
4938 7557
4938 8074
4938 8576
4938 10348
4938 10446
4938 11044
4938 13297
4938 13310
4938 13761
4938 14066
4938 14271
4938 15977
4938 18087
4938 18436
4938 18660
4939 7366
4939 7696
4939 8105
4939 9107
4939 10276
4939 11407
4939 13171
4939 13934
4939 14915
4939 14970
4939 18558
4940 7476
4941 6352
4941 7666
4942 6019
4942 6324
4942 7769
4942 8046
4942 8372
4942 9200
4942 9444
4942 11093
4942 11543
4942 11984
4942 12669
4942 15108
4942 15490
4942 19071
4944 11820
4945 15008
4946 12637
4946 18743
4947 4984
4948 13940
4949 7215
4949 8291
4950 17961
4951 14515
4952 8862
4953 8263
4954 9978
4956 16260
4957 8651
4958 12298
4958 13435
4959 5463
4959 6273
4960 13291
4961 5048
4961 5336
4961 11540
4961 14082
4961 14722
4961 16228
4962 8106
4962 10600
4962 19016
4963 7059
4963 7882
4963 8330
4963 12647
4963 14004
4963 18962
4964 5048
4965 8910
4966 15506
4967 5565
4967 6407
4967 7712
4967 12573
4968 16055
4969 8371
4970 12247
4971 7909
4973 18735
4974 5891
4974 7876
4974 8600
4974 9790
4974 9900
4974 10555
4974 10888
4974 11653
4974 13021
4974 14660
4974 15176
4974 17935
4974 18996
4974 19107
4975 12173
4976 6684
4976 8621
4976 11809
4976 15498
4976 18702
4976 18897
4977 5492
4977 6708
4977 7394
4977 13073
4977 17229
4977 17972
4977 18324
4977 19111
4977 19151
4977 19244
4978 17869
4979 18921
4980 6411
4980 8061
4980 8125
4980 9472
4980 9568
4980 9921
4980 16101
4980 17019
4980 17025
4980 17026
4980 17729
4980 18733
4980 18772
4981 11456
4981 16901
4981 17653
4982 5029
4982 8571
4983 13152
4984 5215
4984 6039
4984 6368
4984 6715
4984 7886
4984 9428
4984 9631
4984 9794
4984 9881
4984 11547
4984 11776
4984 12836
4984 15462
4984 16118
4984 16410
4984 17427
4985 6638
4985 7048
4985 7300
4985 7740
4985 7956
4985 8223
4985 8620
4985 8903
4985 9483
4985 10688
4985 11541
4985 11652
4985 14148
4985 14362
4985 15860
4985 18529
4986 10850
4986 17474
4987 6210
4988 8968
4988 11424
4988 17582
4988 17645
4988 19088
4989 5306
4989 9749
4989 10309
4989 11237
4989 11274
4989 12067
4989 12202
4989 15702
4989 18174
4989 18899
4990 7712
4991 10867
4991 14042
4991 18246
4991 18278
4991 18582
4991 19099
4992 9564
4993 17034
4993 17645
4993 17926
4994 12756
4995 5569
4995 9343
4995 15989
4995 16685
4995 17954
4996 10471
4997 11731
4997 15954
4998 5043
4998 7248
4998 8096
4998 8494
4998 12631
4998 17246
4998 19506
4999 8249
4999 12545
4999 14845
4999 18989
5000 12632
5000 18901
5001 15182
5002 5500
5002 10036
5002 11548
5002 11944
5002 12457
5002 13846
5002 17859
5003 7560
5003 18773
5003 18865
5004 6920
5005 7983
5005 10254
5005 11484
5006 6261
5006 15744
5007 5906
5008 5471
5009 6166
5010 8879
5011 16229
5012 17989
5013 5555
5013 16347
5014 13009
5014 13534
5014 17646
5015 5930
5016 6794
5016 15735
5017 8307
5017 17911
5019 6108
5019 8630
5019 9070
5019 10910
5019 11024
5019 11458
5019 12583
5019 12898
5020 17034
5021 5997
5021 8125
5021 9921
5021 11716
5021 12178
5021 12759
5021 12878
5021 13908
5021 14348
5021 16355
5021 16543
5021 16546
5021 18733
5021 18907
5022 6352
5023 7057
5023 7883
5023 10181
5023 15522
5023 16347
5024 11860
5024 15745
5024 17521
5024 18198
5025 9334
5025 9628
5025 10704
5025 11412
5025 18375
5026 12954
5027 9597
5028 13677
5029 5596
5029 5934
5029 7939
5029 8356
5029 8608
5029 8816
5029 9808
5029 11178
5029 11372
5029 11450
5029 11768
5029 11894
5029 12019
5029 12256
5029 14654
5029 14912
5029 15207
5029 15864
5029 16552
5029 16603
5029 17645
5029 18505
5029 18957
5029 19074
5030 16344
5031 7829
5032 10105
5032 12371
5034 17549
5035 10857
5036 15154
5036 15952
5036 17415
5038 16625
5039 14836
5039 17164
5040 6224
5041 8893
5042 6631
5042 11778
5044 5743
5045 6243
5045 13242
5045 15384
5045 15954
5045 18645
5048 5477
5048 5872
5048 5955
5048 6068
5048 6220
5048 6422
5048 7780
5048 8045
5048 8509
5048 8813
5048 10476
5048 11294
5048 11386
5048 11400
5048 12731
5048 12882
5048 14407
5048 14647
5048 14881
5048 15074
5048 15385
5048 15712
5048 16458
5048 16904
5048 17070
5048 17368
5048 17402
5048 18192
5048 18221
5048 18224
5048 18687
5048 19156
5048 19230
5049 9978
5050 8910
5051 5375
5051 5515
5051 6298
5051 6334
5051 7901
5051 10350
5051 10595
5051 12019
5051 13525
5051 14419
5051 14618
5051 15615
5051 15945
5051 18252
5051 18754
5051 18816
5052 9249
5052 13876
5053 16685
5054 7452
5054 8372
5054 9548
5054 11894
5054 12326
5054 14654
5054 16687
5054 17019
5054 17025
5054 17026
5054 18093
5054 18733
5056 15615
5057 15726
5058 10105
5058 12002
5058 14141
5058 15125
5058 16125
5058 17944
5059 5898
5059 10844
5060 5643
5060 7836
5061 6771
5061 7900
5061 7994
5061 10510
5061 16676
5062 5711
5063 13415
5064 10247
5065 5125
5065 8694
5065 18812
5066 6798
5066 11816
5066 16838
5067 12855
5067 17194
5068 10264
5068 12019
5069 7733
5070 14862
5071 6511
5071 7438
5071 10308
5071 14163
5071 14173
5071 14626
5071 14862
5072 8028
5072 14314
5073 10629
5073 10741
5073 19143
5074 13983
5075 12448
5077 5089
5077 10136
5077 11424
5077 17645
5078 13757
5078 17496
5078 18726
5081 9588
5081 9611
5081 9757
5081 9824
5081 11280
5081 11924
5081 13595
5081 13751
5081 16087
5081 16627
5081 17596
5081 19284
5082 16011
5082 18284
5083 15741
5084 10070
5084 19161
5085 6167
5085 11275
5085 16033
5086 5207
5086 11554
5087 8629
5087 13068
5087 18697
5088 16676
5089 7740
5089 7850
5089 7956
5089 10550
5089 13479
5089 13517
5089 15205
5089 15864
5089 18144
5090 14194
5091 8297
5091 17051
5092 11474
5093 13787
5094 8803
5095 8836
5095 11024
5095 11449
5095 11450
5096 5383
5096 7548
5096 9300
5096 10789
5096 12431
5097 11262
5098 12797
5098 13893
5098 18765
5099 14828
5101 8779
5102 5402
5102 9576
5102 12001
5102 12240
5102 13031
5102 14821
5102 15982
5102 17198
5102 19259
5103 5698
5103 6411
5103 11095
5103 12542
5103 13451
5103 13675
5103 17019
5103 17025
5103 17026
5103 17301
5103 19037
5103 19224
5103 19329
5104 6244
5104 6411
5104 7452
5104 8823
5104 9548
5104 9921
5104 11372
5104 11716
5104 11755
5104 11894
5104 13474
5104 13882
5104 15262
5104 15864
5104 17019
5104 17025
5104 17026
5104 17165
5104 18093
5104 18733
5104 18739
5104 18787
5106 5224
5106 5839
5106 7927
5106 8106
5106 12655
5106 13392
5106 16915
5106 18881
5107 14417
5108 7852
5108 11288
5108 11613
5108 12066
5108 14021
5108 14092
5108 16541
5108 16896
5109 7669
5109 11403
5110 13763
5111 11168
5114 9808
5115 6205
5115 17192
5116 8158
5116 10420
5116 12646
5116 14625
5116 15031
5117 14893
5118 13415
5119 15884
5120 8656
5120 11233
5122 8855
5122 13940
5122 14008
5122 16826
5122 18357
5122 18889
5124 6108
5124 10760
5125 5467
5126 7665
5126 18141
5127 14092
5128 8739
5129 12066
5129 15738
5129 15982
5129 16989
5130 17592
5131 11918
5132 9931
5132 10595
5132 11467
5133 18753
5134 14686
5135 8616
5135 15970
5136 10492
5136 10638
5136 18464
5137 5471
5137 8935
5137 14192
5137 14751
5137 16541
5137 16579
5137 16740
5137 18825
5138 5579
5138 13525
5139 19125
5140 9597
5141 10065
5142 12013
5143 7534
5144 6952
5144 8870
5144 15036
5144 15151
5144 17130
5145 14754
5146 13228
5147 5813
5147 6445
5147 7830
5147 7935
5147 9471
5147 11024
5148 9059
5148 15031
5149 6504
5149 7029
5149 8765
5149 9416
5149 15247
5150 11485
5151 9343
5152 6661
5152 7700
5152 9965
5152 11116
5152 11726
5152 14191
5152 15221
5152 16136
5152 16525
5152 19010
5153 9232
5154 15578
5156 6188
5156 7103
5156 7192
5156 10993
5156 11872
5156 12561
5156 13222
5156 13465
5156 13549
5157 7561
5157 14827
5157 15971
5157 18211
5158 10282
5159 8299
5159 9099
5159 18517
5159 19516
5160 15161
5160 18673
5161 9842
5161 16370
5161 18804
5162 7533
5162 13200
5163 17266
5164 16523
5165 5465
5165 9725
5166 6829
5166 10358
5167 8189
5167 8372
5167 13004
5167 16304
5168 8348
5169 18973
5170 11574
5171 6979
5173 9366
5173 16213
5174 6411
5174 7795
5174 8636
5174 8823
5174 9548
5174 10314
5174 12061
5174 13882
5174 15689
5174 16122
5174 16544
5174 16687
5174 17019
5174 17025
5174 17026
5174 17165
5174 19165
5175 6377
5175 9418
5175 18236
5175 18798
5177 10629
5177 17415
5178 5265
5178 9129
5178 11771
5178 13261
5178 14080
5178 14727
5178 18719
5179 8198
5179 18580
5180 7815
5180 12737
5180 15479
5180 17771
5181 9842
5182 16915
5184 14519
5185 9046
5186 9197
5186 10189
5187 10875
5187 18277
5188 14923
5189 8058
5189 14843
5190 14333
5190 16250
5191 15025
5193 10830
5194 5566
5194 11605
5194 12064
5195 9576
5195 16989
5195 17198
5196 10850
5197 5497
5197 13924
5197 15544
5198 5613
5198 7580
5198 9921
5198 11454
5198 11461
5198 12012
5198 13964
5198 15268
5198 15940
5198 15941
5198 17019
5198 17025
5198 17026
5199 11052
5199 12019
5201 15852
5202 9965
5203 18488
5203 18545
5204 7711
5204 12877
5204 18070
5205 5949
5205 6440
5205 6503
5205 8342
5205 8396
5205 9530
5205 10746
5205 11799
5205 12279
5205 12654
5205 13122
5205 13372
5205 15093
5207 5440
5207 14217
5207 15788
5207 16183
5208 10103
5209 6771
5210 10464
5210 18442
5210 18769
5211 13475
5212 8526
5212 14070
5212 14420
5213 13893
5214 10484
5215 5666
5215 6715
5215 7097
5215 7653
5215 9631
5215 12307
5215 15226
5215 16073
5217 7780
5217 12552
5217 14997
5218 5463
5220 18921
5221 10451
5221 11034
5221 13104
5221 19430
5222 9227
5222 10492
5222 18464
5223 15813
5224 5839
5224 6328
5224 7639
5224 7756
5224 7816
5224 8391
5224 8629
5224 9192
5224 9254
5224 9388
5224 9650
5224 10089
5224 11082
5224 13270
5224 13512
5224 14337
5224 15137
5224 15155
5224 15390
5224 18305
5224 18820
5225 6145
5225 7180
5225 7973
5225 8003
5225 13555
5225 15314
5226 5301
5226 6812
5226 8508
5226 12543
5226 15348
5227 18809
5228 10161
5230 17432
5232 17600
5232 18461
5233 11044
5233 17382
5234 16370
5235 7852
5235 8998
5235 9847
5237 5966
5237 6389
5237 17366
5238 10471
5239 18756
5240 8598
5240 18614
5241 11762
5241 18839
5242 6125
5242 6280
5242 9280
5242 18737
5243 5842
5243 5886
5243 7409
5243 7547
5243 18606
5243 18898
5243 19023
5244 15975
5245 15024
5246 15852
5246 17195
5246 18757
5247 12235
5248 12884
5248 14640
5249 12019
5254 7063
5254 13633
5254 14626
5254 16697
5254 18786
5255 9802
5255 14417
5256 7240
5256 7900
5256 16853
5256 18722
5257 7577
5257 10356
5257 17400
5257 19079
5258 7456
5258 7720
5259 8809
5261 6344
5261 6906
5261 7401
5261 7441
5261 8092
5261 8378
5261 13440
5261 17023
5261 17877
5261 18968
5262 6740
5262 7289
5262 7691
5262 11800
5262 12974
5262 13301
5262 14383
5262 16754
5263 5440
5263 14383
5264 14386
5264 18109
5264 18452
5264 18838
5265 6738
5265 9954
5265 10364
5265 11753
5265 12066
5265 12251
5265 12657
5265 13200
5265 13301
5265 14821
5265 16375
5265 16924
5265 17193
5265 19306
5266 10441
5267 16649
5269 10406
5269 13717
5269 14386
5269 18452
5269 18614
5271 6813
5272 5434
5272 12673
5272 17080
5274 18600
5276 6411
5276 7452
5276 8060
5276 8823
5276 9114
5276 9921
5276 13653
5276 13882
5276 13989
5276 17019
5276 17025
5276 17026
5276 17116
5277 7858
5277 11445
5277 14546
5277 16424
5277 16774
5277 17743
5277 17867
5277 18491
5278 10885
5278 11771
5279 16128
5280 14354
5281 17629
5282 8907
5283 11299
5284 10990
5284 12734
5284 15189
5284 17508
5285 15713
5286 16570
5287 10532
5288 15663
5288 16229
5289 10423
5290 5871
5290 16561
5291 5432
5291 13204
5293 6208
5293 6692
5293 7842
5293 9083
5293 9839
5293 9989
5293 11188
5293 11275
5293 11902
5293 12349
5293 13597
5293 18741
5294 6464
5294 8069
5294 12449
5294 15981
5294 16603
5294 18298
5294 18745
5294 18926
5295 11379
5295 12369
5296 6771
5297 6488
5298 16964
5300 18068
5302 17153
5304 10297
5305 6296
5305 7180
5305 12887
5306 6660
5306 7866
5306 8102
5306 9473
5306 10872
5306 11073
5306 11274
5306 12067
5306 12202
5306 12323
5306 12340
5306 12643
5306 15398
5306 15503
5306 15702
5306 16217
5306 17684
5307 7903
5307 9110
5307 9473
5307 9977
5307 10264
5307 10301
5307 10551
5307 13180
5307 13611
5307 14924
5307 15375
5307 16742
5307 17956
5307 18853
5308 17255
5309 11621
5309 12742
5311 5427
5311 17912
5311 19053
5312 5476
5312 9567
5312 9617
5312 12304
5312 13840
5312 15324
5312 16706
5312 17792
5312 18625
5313 6799
5313 12747
5313 16061
5313 16215
5313 18800
5313 19198
5314 6511
5315 8058
5316 12786
5316 17273
5317 17335
5318 15405
5318 15448
5318 17266
5319 6360
5319 8509
5319 14566
5319 17134
5319 18221
5319 18224
5320 16637
5321 8036
5321 12100
5321 12214
5321 13089
5321 16810
5321 17312
5322 18813
5323 8748
5324 5336
5324 5497
5324 5507
5324 5661
5324 5859
5324 6690
5324 7901
5324 8221
5324 8293
5324 9808
5324 9846
5324 9864
5324 10037
5324 10270
5324 10350
5324 10433
5324 10513
5324 11024
5324 11262
5324 11269
5324 11450
5324 11746
5324 12419
5324 12789
5324 14147
5324 14515
5324 14556
5324 15542
5324 15639
5324 16483
5324 16514
5324 16650
5324 16937
5324 17387
5324 17859
5324 18572
5324 18687
5324 18728
5324 18736
5324 18754
5324 18773
5324 18793
5324 18816
5324 19002
5324 19129
5325 15952
5326 11956
5326 18638
5327 14092
5328 6407
5328 7712
5328 12457
5328 14654
5328 18770
5329 7811
5329 8185
5329 8812
5329 10224
5329 10519
5329 10967
5329 10970
5329 11059
5329 11190
5329 12088
5329 13906
5329 16864
5329 18028
5330 16851
5331 14640
5332 7716
5333 10629
5333 13278
5334 14333
5336 5497
5336 5500
5336 6577
5336 6869
5336 7089
5336 7388
5336 7739
5336 7776
5336 8221
5336 9070
5336 9864
5336 11002
5336 11024
5336 11822
5336 12457
5336 12480
5336 12593
5336 12789
5336 14647
5336 15384
5336 17660
5336 17859
5336 18717
5336 18736
5336 19129
5336 19193
5337 14512
5338 8293
5338 17056
5339 12457
5340 6798
5340 6901
5340 7015
5340 7485
5340 7487
5340 10373
5340 10750
5340 10919
5340 11771
5340 11816
5340 12098
5340 12466
5340 12903
5340 13261
5340 14317
5340 17901
5341 17549
5342 8862
5342 10441
5343 5515
5344 16947
5345 5943
5345 10406
5345 11746
5345 17056
5345 18726
5347 17496
5348 6077
5348 6347
5348 6527
5348 7370
5348 7853
5348 8104
5348 8426
5348 8708
5348 9409
5348 9490
5348 10256
5348 10383
5348 10540
5348 11084
5348 11898
5348 13261
5348 13549
5348 14727
5348 15114
5348 16993
5348 17649
5348 17701
5348 18870
5348 19029
5349 16128
5351 18749
5352 9227
5353 6246
5353 8944
5353 9996
5353 11059
5353 13115
5353 15487
5353 17585
5353 19086
5353 19380
5354 10875
5354 13606
5354 17029
5354 17582
5356 7296
5356 7583
5356 8668
5356 11334
5356 11893
5356 12025
5356 12026
5356 12904
5356 13121
5356 13511
5356 13737
5356 16778
5356 16951
5357 9222
5358 5463
5359 5635
5360 5470
5360 7861
5360 7979
5360 7992
5361 7983
5366 11354
5366 12285
5366 14008
5368 6983
5368 7989
5368 11644
5368 12349
5368 12867
5368 12974
5368 13266
5368 15466
5368 16754
5368 17126
5368 17147
5368 18607
5368 18622
5369 9294
5369 9941
5369 12216
5370 17876
5371 12175
5372 6511
5372 10198
5372 10769
5372 13633
5372 14626
5372 14742
5372 14783
5372 17205
5372 18725
5373 16100
5374 9775
5374 14827
5374 19010
5375 5462
5375 5693
5375 5890
5375 5944
5375 5953
5375 7030
5375 7415
5375 7434
5375 8393
5375 8449
5375 8787
5375 9278
5375 9286
5375 9322
5375 9371
5375 9775
5375 9946
5375 10147
5375 10150
5375 10683
5375 10854
5375 10861
5375 10862
5375 11229
5375 11520
5375 11747
5375 11882
5375 12074
5375 12292
5375 12499
5375 12634
5375 13714
5375 14390
5375 14815
5375 14999
5375 15446
5375 15776
5375 16106
5375 16461
5375 16866
5375 16921
5375 17665
5375 17861
5375 18073
5375 18097
5375 18221
5375 18224
5375 18230
5375 18300
5375 18331
5375 18512
5375 18887
5375 18942
5375 19171
5375 19441
5376 13925
5377 9584
5377 18405
5378 13703
5379 5594
5380 13052
5380 16637
5381 11739
5381 18310
5382 16055
5384 5827
5384 6907
5385 17266
5386 6056
5386 6189
5386 8460
5386 10612
5386 10642
5386 11760
5386 13993
5386 14507
5386 15858
5386 16162
5386 16334
5386 17912
5386 17937
5387 11810
5388 9343
5388 12545
5390 17651
5391 9723
5391 17961
5392 6857
5393 7265
5393 8708
5393 10383
5393 15671
5393 15780
5394 8042
5394 9650
5394 10141
5394 11564
5394 11621
5394 12742
5394 14756
5394 16910
5395 6073
5395 9568
5395 9930
5395 11881
5395 18906
5396 15025
5396 16033
5397 16901
5398 13983
5399 14467
5401 9715
5402 7504
5402 7620
5402 10937
5402 11024
5402 12182
5402 15214
5402 15841
5402 16060
5402 17198
5402 17637
5403 14467
5404 11288
5406 11052
5406 12019
5406 15763
5407 7347
5407 10059
5407 10925
5407 13444
5407 13980
5407 14856
5407 15535
5407 15641
5407 16529
5407 16624
5407 19617
5408 9814
5408 15804
5410 17604
5410 18502
5411 13729
5412 12353
5413 8651
5414 5989
5414 10161
5415 18502
5416 12818
5417 6985
5418 10532
5418 17830
5419 8037
5419 10857
5419 13009
5419 15329
5421 5600
5421 8681
5421 10121
5421 12345
5421 17689
5421 18644
5421 18823
5421 18846
5422 7061
5422 8701
5423 19002
5424 9726
5424 10457
5425 10431
5425 16211
5426 9568
5426 18277
5427 5529
5427 14448
5427 15942
5427 17403
5427 17912
5427 18415
5428 6244
5428 11409
5428 13688
5429 10999
5429 11103
5429 11894
5429 12256
5429 14654
5429 14912
5429 14989
5430 8280
5430 8510
5430 11024
5430 13863
5430 14816
5430 14827
5430 15826
5430 15971
5430 18957
5431 8527
5431 9545
5431 10896
5431 13844
5431 13963
5431 15484
5432 8946
5433 14603
5433 18739
5433 18816
5434 5964
5434 6380
5434 9039
5434 12028
5434 12673
5434 12909
5434 14034
5434 16016
5434 16685
5434 17080
5434 18906
5434 19691
5435 6464
5435 8069
5435 13210
5435 15650
5435 16365
5435 19445
5437 14893
5438 7400
5439 16685
5440 5839
5440 6077
5440 6120
5440 6527
5440 6692
5440 7150
5440 7296
5440 7444
5440 7659
5440 7691
5440 8426
5440 8668
5440 9083
5440 10198
5440 10212
5440 10265
5440 10383
5440 10600
5440 11335
5440 11898
5440 11902
5440 12561
5440 12974
5440 13392
5440 13576
5440 13975
5440 14383
5440 15044
5440 15467
5440 15722
5440 16033
5440 17053
5440 17701
5440 17899
5440 17901
5440 18294
5440 18719
5440 18740
5440 18820
5440 18843
5440 18889
5441 6611
5441 10451
5441 14698
5441 19088
5442 8078
5442 10066
5442 11705
5442 16045
5442 17920
5443 6725
5444 11886
5445 7056
5446 8608
5446 16098
5447 11307
5448 13980
5449 15538
5449 17409
5449 19174
5450 8288
5450 14640
5451 9315
5452 16360
5453 7560
5454 8058
5455 11708
5456 6073
5456 14459
5457 7398
5458 10844
5459 13623
5459 17105
5460 10532
5461 5617
5461 6133
5461 6231
5461 7605
5461 7682
5461 8482
5461 9065
5461 9197
5461 12078
5461 13142
5461 13229
5461 15254
5461 17495
5462 13118
5463 6184
5463 9196
5463 10759
5463 15450
5463 16348
5463 17378
5463 17419
5463 18454
5465 14325
5465 18017
5466 9737
5467 7156
5467 7307
5467 7636
5467 7659
5467 8106
5467 8352
5467 8668
5467 8694
5467 8697
5467 9192
5467 9193
5467 9241
5467 9388
5467 10269
5467 10383
5467 10559
5467 10856
5467 11359
5467 11526
5467 11554
5467 11595
5467 11866
5467 12655
5467 13191
5467 13337
5467 13392
5467 13675
5467 13729
5467 13940
5467 13975
5467 14123
5467 14279
5467 14727
5467 15395
5467 16140
5467 16284
5467 17622
5467 17899
5467 17932
5467 18315
5467 18719
5467 18757
5467 18812
5469 10532
5470 5540
5470 5716
5470 6326
5470 6949
5470 7861
5470 7979
5470 7992
5470 8241
5470 8576
5470 8760
5470 8864
5470 9004
5470 9229
5470 9463
5470 10340
5470 10388
5470 10857
5470 11141
5470 11637
5470 12148
5470 15884
5470 16193
5470 18791
5471 6769
5471 11449
5471 14119
5471 14192
5471 15030
5471 15821
5471 16541
5471 16579
5471 18825
5472 16597
5474 11613
5474 18510
5475 14893
5476 6813
5476 15324
5476 16706
5476 17101
5476 18625
5477 8331
5477 12036
5477 14420
5477 17993
5478 15361
5479 11456
5479 17483
5480 15763
5482 7355
5483 7222
5483 15841
5484 13336
5485 17892
5486 15479
5487 14742
5488 12607
5488 14843
5490 7780
5492 9572
5492 11586
5492 12518
5492 13925
5492 16190
5493 11595
5493 13675
5493 15390
5493 16140
5493 17932
5494 6606
5494 7736
5494 7977
5494 8372
5494 8457
5494 9297
5494 10514
5494 12900
5494 14869
5494 17424
5494 17848
5495 10046
5496 7434
5496 7739
5496 10708
5496 16845
5496 19129
5497 5500
5497 7223
5497 8221
5497 8275
5497 9417
5497 11024
5497 12680
5497 15542
5497 18501
5497 18736
5497 19582
5498 18510
5499 11307
5500 5859
5500 7293
5500 7388
5500 8893
5500 9864
5500 11024
5500 11453
5500 11989
5500 12142
5500 12789
5500 15003
5500 16305
5500 16357
5500 18501
5500 18736
5501 14923
5502 5877
5502 17730
5503 5857
5504 7379
5504 9993
5504 10785
5504 12516
5504 17789
5504 18807
5505 18839
5506 13620
5507 5730
5507 7293
5507 8048
5507 9522
5507 9560
5507 9723
5507 9846
5507 11024
5507 11358
5507 11950
5507 12831
5507 14076
5507 17680
5507 17727
5507 18659
5507 18689
5507 19351
5508 11762
5508 15663
5510 16676
5511 9143
5512 12512
5513 5564
5513 6242
5513 9451
5513 10938
5513 11524
5513 13471
5513 14519
5513 18632
5513 18911
5513 18986
5514 10451
5515 6012
5515 6213
5515 6298
5515 8310
5515 8615
5515 9524
5515 10790
5515 10825
5515 11271
5515 12183
5515 12736
5515 14617
5515 15187
5515 15290
5515 15303
5515 15638
5515 16564
5515 18214
5515 18473
5515 19422
5516 8249
5518 18792
5519 7010
5519 11540
5519 13400
5519 14062
5519 15349
5519 18918
5520 12786
5521 8094
5521 10420
5521 19634
5522 6715
5522 13057
5522 14903
5522 17239
5523 7553
5523 17917
5523 18411
5524 6901
5524 9596
5524 9839
5524 9989
5524 10119
5524 13620
5524 14765
5524 16778
5524 17337
5524 18482
5524 19195
5525 8572
5526 13125
5526 14859
5528 16982
5529 11350
5529 12985
5529 14448
5529 17912
5530 14819
5531 10568
5532 10036
5532 11548
5533 17194
5534 11751
5535 8708
5536 10513
5536 16925
5536 18349
5537 11332
5539 10037
5540 7979
5540 7992
5540 18766
5541 7117
5541 15609
5542 10312
5542 13648
5543 8291
5543 9022
5543 15700
5544 10065
5545 6043
5546 19113
5547 11919
5548 10466
5549 5661
5549 6205
5549 7377
5549 9814
5549 13525
5549 15960
5549 17499
5550 5611
5550 6185
5550 6445
5550 7021
5550 7630
5550 10754
5550 11644
5550 13754
5550 13930
5550 13940
5550 14008
5550 14979
5550 18380
5550 18728
5551 16721
5552 6276
5552 14515
5553 16785
5554 16477
5555 6759
5555 9107
5555 10227
5555 10716
5555 12523
5555 13518
5555 15488
5555 16157
5556 6851
5558 7832
5558 12632
5559 16187
5559 18726
5559 18936
5560 12066
5560 15982
5560 16714
5560 18282
5561 8626
5562 13475
5563 5839
5563 9847
5563 11055
5563 11335
5564 9965
5564 18140
5565 6083
5565 6185
5565 7406
5565 7797
5565 7892
5565 8774
5565 9471
5565 10068
5565 12132
5565 13364
5565 14478
5565 15944
5565 16235
5565 18474
5566 6813
5567 13623
5567 16514
5568 6977
5568 8372
5568 9863
5568 9921
5568 11289
5568 11716
5568 13908
5568 18733
5568 19313
5569 6504
5569 7185
5569 7294
5569 7830
5569 8175
5569 8382
5569 8384
5569 8390
5569 9199
5569 9203
5569 9842
5569 10769
5569 11773
5569 13633
5569 14341
5569 15100
5569 15562
5570 11814
5571 9418
5571 9993
5571 10200
5572 14893
5573 11145
5575 18813
5577 15841
5578 18440
5579 7518
5579 8472
5579 8529
5579 11093
5579 12046
5579 12943
5579 15060
5579 17895
5579 18652
5580 19158
5581 10629
5582 6698
5583 14398
5584 18739
5586 6273
5587 6406
5587 12286
5587 14060
5587 15756
5587 15797
5587 15919
5587 16032
5587 17454
5587 18099
5587 19155
5588 7398
5589 17961
5590 9088
5590 9877
5590 9894
5590 9925
5591 7089
5592 11483
5592 17159
5593 16415
5594 7511
5594 15549
5595 5612
5595 6740
5595 7103
5595 7154
5595 7708
5595 8668
5595 9429
5595 9797
5595 10690
5595 11816
5595 12010
5595 12446
5595 12903
5595 13575
5595 13576
5595 14357
5595 15739
5595 15925
5595 16003
5595 16778
5595 17255
5595 18912
5596 9808
5596 10350
5596 10441
5596 13925
5596 14353
5596 14512
5596 15377
5596 16637
5596 16869
5596 17415
5596 17645
5596 18906
5597 18440
5598 10744
5598 15360
5599 12019
5600 17689
5602 9797
5602 12561
5602 18741
5602 18874
5604 6411
5604 17019
5604 17025
5604 17026
5605 8597
5605 12200
5605 12201
5605 14029
5605 14924
5605 15005
5605 16457
5605 18317
5605 18576
5606 18572
5607 6800
5607 17519
5607 17933
5608 15841
5608 17051
5609 6407
5609 14988
5609 18794
5610 8372
5610 10165
5610 11011
5610 15234
5611 7284
5611 17573
5612 9596
5612 10600
5612 12357
5612 14499
5612 14915
5612 17178
5614 6210
5614 8220
5614 9215
5614 15224
5615 9215
5616 6571
5616 8841
5616 10017
5616 11150
5616 11609
5616 12010
5616 12446
5616 13654
5616 16383
5616 16754
5616 17502
5616 19334
5616 19553
5618 7054
5618 8018
5618 10649
5618 11450
5618 12256
5618 12624
5618 12962
5618 15798
5619 7180
5619 7536
5619 8974
5619 16597
5619 17687
5620 14982
5621 6651
5622 12786
5622 15984
5622 18845
5624 7134
5625 13725
5627 13604
5628 9639
5628 14754
5630 15884
5631 6377
5631 15648
5632 6377
5632 6953
5632 9226
5632 10933
5632 18236
5633 7423
5633 9568
5633 19141
5634 6800
5634 17205
5634 17701
5635 11561
5635 12324
5635 14317
5636 6544
5636 7899
5639 5662
5639 5775
5639 6391
5639 8672
5639 9119
5639 9539
5639 9867
5639 9964
5639 11024
5639 11434
5639 11450
5639 12470
5639 12550
5639 12614
5639 14484
5639 16048
5639 18718
