0 1378
0 1544
0 6092
0 7636
0 14442
1 2943
1 8359
1 10199
2 10471
2 11485
2 15572
3 8249
4 14044
5 1312
5 12968
6 767
6 2128
6 2216
6 3150
6 3509
6 4464
6 6572
6 6697
6 7296
6 7335
6 7691
6 8661
6 8981
6 9232
6 10265
6 12098
6 13655
6 13656
6 16720
6 17284
6 18121
6 18614
7 1568
7 1588
7 2019
7 2343
7 4058
7 5564
7 6242
7 8335
7 10243
7 14688
7 14754
7 14843
7 15577
7 17354
7 17955
7 18425
7 19376
8 3157
9 221
9 1456
9 7875
9 7956
9 8915
9 11186
9 12664
9 16622
9 19447
10 3224
10 3287
10 5579
10 6631
10 12126
10 14471
11 18813
12 389
12 863
12 1048
12 2617
12 9366
12 10962
12 12111
12 12597
12 17889
12 19494
13 13940
14 2501
15 4442
15 7267
15 11752
15 13441
15 17788
15 18178
16 799
16 2658
16 4032
16 4102
16 4509
16 5079
16 7980
16 8412
16 8806
16 9505
16 10133
16 10175
16 10712
16 10969
16 11658
16 11765
16 11993
16 13054
16 14010
16 15057
16 15426
16 15969
16 16169
16 16554
16 16677
16 18546
16 19124
16 19211
16 19426
17 3681
17 7104
17 7380
17 7945
17 9767
17 17000
18 1239
18 1843
18 3429
18 8165
18 9826
18 11134
18 14768
18 18928
19 4684
19 6200
19 6440
19 8396
19 9381
19 10750
19 18902
19 19056
20 17315
21 7709
21 9213
22 7307
22 18734
23 10601
24 750
24 7733
24 8129
24 16184
25 2847
26 479
26 6941
26 9443
26 12910
26 17931
27 13131
27 18575
27 19402
28 18040
29 3846
29 6794
30 9687
31 16626
32 738
33 4098
34 11762
34 16229
34 18839
35 2067
35 2337
35 2540
35 2568
35 3797
35 5993
35 6424
35 6460
35 6948
35 7543
35 8950
35 10240
35 13118
35 14101
35 14118
35 16446
35 18125
36 112
37 8093
38 9691
38 12458
38 17788
38 19137
39 3337
40 1321
40 5058
40 9998
40 15125
40 15698
40 16125
40 16457
40 18821
41 357
41 15735
41 18572
41 18765
42 4476
43 5805
44 4717
45 15577
46 2201
46 2623
46 5225
46 5974
46 7922
46 8932
46 11450
46 12443
46 13646
46 16763
46 16879
47 95
47 677
47 2177
47 2482
47 3011
47 3617
47 4024
47 4129
47 4864
47 5427
47 6605
47 6833
47 7110
47 7891
47 8262
47 10575
47 10635
47 12413
47 12708
47 13009
47 13180
47 13310
47 13475
47 14415
47 15007
47 15435
47 15641
47 16242
47 16384
47 17917
47 18166
48 2120
48 2645
48 2902
48 4751
48 6077
48 6347
48 8104
48 8708
48 9409
48 9830
48 11084
48 12102
48 12308
48 15114
48 16528
48 17649
48 18870
48 18903
49 5793
49 15654
50 3079
51 14187
52 5515
53 6509
54 5242
54 9280
54 10544
54 13957
54 15736
54 18737
55 2812
55 3602
56 7056
57 101
57 2897
57 13475
58 2894
58 3538
58 4036
58 5982
58 11650
58 12693
58 17090
59 10344
59 10793
59 10893
60 144
60 1025
60 1205
60 1521
60 2321
60 2346
60 2571
60 3127
60 3443
60 4118
60 6152
60 6555
60 7176
60 7185
60 7830
60 9365
60 11110
60 13828
60 14421
60 14704
60 15029
60 15167
60 17327
60 18831
60 19148
61 443
62 462
62 773
62 1584
62 1786
62 2255
62 3453
62 4085
62 4750
62 6358
62 6452
62 6715
62 6789
62 9794
62 10513
62 10523
62 11450
62 11894
62 12836
62 15612
62 16814
62 18162
62 19249
63 2295
64 2845
64 9993
65 5640
65 12257
65 12664
66 4678
67 6174
67 11809
68 12229
69 3135
69 6903
69 8561
69 9256
69 14940
69 16344
69 18946
70 14622
71 7821
71 10160
71 12110
72 755
72 1281
72 7832
72 14044
72 14045
73 17128
74 2997
75 11468
76 2590
76 3273
76 9061
77 518
77 1730
77 4316
77 6686
77 7496
77 12848
77 14827
77 15971
77 17073
78 15546
79 2092
79 17474
80 13010
80 13118
80 14370
81 11238
81 12173
82 4058
83 1989
83 15468
84 3331
84 11473
84 16462
85 3607
85 6407
85 9193
85 13337
85 14123
85 18760
85 18770
86 1683
86 4045
86 8392
86 11641
86 14618
86 15744
87 18728
88 2229
88 3493
88 4058
88 5926
88 11894
88 13306
88 13354
88 14607
88 14754
88 15377
88 15916
88 16505
88 16579
88 16772
89 5226
90 1183
91 13938
91 15384
92 6656
93 17757
94 4147
95 657
95 3617
95 3935
96 15735
97 1205
97 15704
98 12016
99 357
99 1378
99 1839
99 2874
99 3286
99 5430
99 6092
99 9192
99 10282
99 12643
99 14216
99 17298
99 18823
100 3332
100 11052
101 2516
101 2846
101 5211
101 5651
101 6151
101 10446
101 10876
101 11044
101 11729
101 11871
101 12195
101 12792
101 13024
101 14066
101 14130
101 16040
101 18806
101 19318
102 15356
102 17193
102 17437
103 15036
103 17098
104 2538
105 2134
105 3239
105 4411
105 7400
105 8263
105 9181
105 9644
105 10542
105 10796
105 11443
105 12019
105 13132
105 15239
105 16355
105 17499
106 132
107 12142
108 7364
108 7627
108 12525
108 18599
108 18601
109 2793
109 18910
110 236
110 2120
110 2645
110 2981
110 3333
110 5340
110 6077
110 7853
110 8104
110 8296
110 8417
110 9409
110 9490
110 10540
110 11084
110 11203
110 11468
110 12102
110 14727
110 15114
110 17437
110 17649
110 17701
111 3218
112 3271
112 3284
112 3294
112 3851
112 4297
112 4788
112 5764
112 8569
112 8791
112 10582
112 11021
112 12491
112 12960
112 15040
112 16024
112 16296
113 3482
113 16100
114 4942
115 8028
115 17876
116 483
116 1941
116 2770
116 3377
116 4035
116 4038
116 4073
116 4467
116 4566
116 4637
116 5059
116 7568
116 7584
116 8097
116 8227
116 8894
116 9898
116 11294
116 13115
116 16058
116 16086
116 16483
116 18028
116 19019
117 1497
117 2506
117 2674
117 3929
117 3956
117 4237
117 5493
117 5791
117 8106
117 9046
117 9538
117 9906
117 10167
117 10269
117 11211
117 12474
117 12652
117 13940
117 14637
117 15137
117 15161
117 15390
117 15406
117 17622
117 17932
117 18380
117 18894
118 8093
118 10457
119 10532
120 14062
121 13976
122 15700
123 17194
124 1884
124 3562
124 6069
124 6558
124 9238
124 9321
124 9528
124 10078
124 11411
124 11904
124 15887
124 16641
124 16882
124 17493
124 17522
124 18856
125 3663
126 3721
127 5422
127 9816
128 18724
129 1761
129 2612
129 9943
129 11386
129 11731
129 12483
129 18645
130 11580
131 7438
131 14862
132 2812
132 2820
132 2905
132 4883
132 5891
132 7693
132 10042
132 10645
132 12588
132 16125
133 18068
134 14426
135 13633
136 1163
136 1508
136 1576
136 4020
136 7076
136 7111
136 11856
136 13245
136 15065
136 16624
136 17092
136 19041
137 5048
138 15370
139 2933
139 8530
139 15572
140 5822
140 17474
141 5375
141 7398
141 11012
141 12780
141 14101
141 18373
142 1036
142 13325
142 15546
142 18904
143 16989
143 18840
144 578
144 2346
144 5070
144 5904
144 6511
144 7185
144 10637
144 14421
144 14555
144 14651
144 14862
144 17775
144 18664
144 19067
145 3801
145 4515
145 5836
145 9818
145 10051
145 12041
145 15133
145 15783
145 19079
146 3630
146 6642
146 17664
147 5871
147 7529
147 11372
147 11894
147 14654
147 15864
147 17329
148 16498
148 18830
149 12298
150 810
150 2983
150 6184
150 11155
150 11449
150 13551
150 13882
150 14764
150 16167
150 16456
151 7056
152 2382
152 4242
152 4728
152 4891
152 5795
152 5954
152 7390
152 7511
152 9131
152 9257
152 9548
152 10245
152 11346
152 13251
152 14047
152 14237
152 14878
152 15554
152 16495
152 18311
153 13839
154 11116
155 529
155 13839
156 8225
156 18580
157 9649
158 4654
159 4942
159 8192
159 8405
159 9026
159 9983
159 12416
159 19468
160 11778
160 14353
161 196
162 7900
163 3300
163 3327
164 6413
164 6565
164 6684
164 9644
164 9931
164 14603
164 16823
164 18702
164 18867
165 2563
165 5375
166 19088
167 611
167 8296
167 12573
168 2528
168 2623
168 3696
168 5180
168 7046
168 7815
168 8932
168 9637
168 10204
168 13466
168 14485
168 15458
168 16314
168 16506
168 18558
168 19112
168 19247
169 677
169 10766
170 10568
171 6656
172 17499
173 1229
173 2679
173 2891
173 9542
174 12848
175 9830
176 11239
177 17604
178 8398
179 11463
179 15188
180 14484
181 12884
182 5594
182 12762
183 4860
184 4717
185 357
185 668
185 1402
185 2518
185 3683
185 4411
185 6794
185 11840
185 13925
185 14092
185 14484
185 14754
185 15735
185 18768
186 7088
186 8626
187 7666
188 17365
189 8626
190 7968
191 1385
191 15735
192 1013
192 17859
193 757
193 6510
193 10139
193 10213
193 12094
194 2722
194 4024
194 8447
194 12632
194 14943
194 15977
194 16332
194 19053
195 3630
195 6642
196 324
196 3218
196 3976
196 6467
196 6844
196 6854
196 8136
196 12664
196 13055
196 14184
196 16201
196 18963
197 9451
198 16443
199 6352
200 282
200 8741
200 8998
201 6055
201 9041
201 12142
201 12150
201 19044
202 918
202 5639
202 8034
202 13623
202 17105
203 15735
204 1068
204 1088
204 1584
204 1809
204 5324
204 6335
204 6610
204 7525
204 10062
204 15822
205 1675
205 2361
205 2590
205 4823
205 5356
205 7123
205 9830
205 11456
205 18347
206 8576
206 10857
206 11141
207 11637
208 10743
209 14726
210 861
210 966
210 1746
210 1842
210 1846
210 2926
210 2927
210 3545
210 5569
210 6215
210 6272
210 6418
210 6793
210 8290
210 8786
210 9199
210 9203
210 10769
210 11344
210 12334
210 13633
210 14278
210 14371
210 14626
210 16717
210 17977
210 18725
210 19001
211 5057
211 14926
211 14961
211 16008
211 16019
211 16020
212 7344
212 7908
212 12512
212 13239
212 15148
212 16254
212 16991
212 17578
213 16625
213 18800
214 15605
215 7669
216 8175
216 17019
216 17026
217 9626
218 311
218 3831
218 8106
218 13730
218 15008
219 8857
220 754
220 6195
221 10679
222 809
223 13939
224 2361
225 7712
226 8288
226 12278
227 2493
227 18910
228 2170
228 10285
229 9846
230 3773
231 1133
231 5297
231 5593
231 8816
231 10966
231 11449
231 15611
232 10568
233 8400
234 19107
235 2039
235 6794
235 18768
235 18995
236 528
236 1347
236 3229
236 6798
236 7485
236 11113
236 14317
236 18402
237 2211
237 5622
237 7591
237 7831
237 15792
237 16302
237 19567
238 14043
239 3878
239 16523
240 8970
241 357
242 528
242 1564
242 1565
242 1675
242 2128
242 4537
242 5839
242 7234
242 7583
242 7842
242 8197
242 9589
242 9797
242 10198
242 10443
242 10963
242 11275
242 11396
242 11533
242 11816
242 13364
242 13729
242 14284
242 15356
242 18053
243 5711
244 15982
245 2210
245 3031
245 4750
245 5477
245 12966
245 18332
246 5224
247 2571
247 2927
247 5516
247 13828
247 16653
247 17819
247 17820
247 18159
247 18363
248 11015
249 1427
249 1740
250 2176
250 4943
251 18778
251 18787
252 9005
253 872
253 2735
253 5395
253 7971
253 8055
253 11372
253 13803
253 13902
253 18851
253 19105
254 8243
254 15274
255 2184
256 8651
257 15603
257 17511
258 488
258 750
258 979
258 1842
258 1846
258 2878
258 3779
258 6272
258 7790
258 8382
258 8427
258 8655
258 9563
258 9901
258 11499
258 14651
258 14862
258 15583
259 1930
260 6075
260 12298
260 12841
261 10474
262 8696
262 13761
263 1889
263 4553
263 6298
263 7243
264 1268
264 12514
265 1119
265 2366
265 2995
265 7830
265 8005
265 9720
265 19257
266 4276
266 15325
266 17709
267 6377
267 16697
267 18236
268 4194
268 6120
268 6419
268 10265
268 10383
268 13392
268 18740
268 18757
269 3160
269 10423
270 628
270 4741
271 5224
271 8106
272 3018
272 18600
273 10319
274 9893
275 6481
276 3161
277 15577
278 1074
278 2079
278 2954
278 5535
278 6495
278 13093
278 13200
278 14414
278 19598
279 16649
280 5906
281 3695
282 4308
282 9940
282 11019
282 11823
282 13860
282 14680
282 18614
282 18988
282 19119
283 1865
283 2115
283 2804
283 7444
283 8426
283 8855
283 9264
283 9595
283 11354
283 12102
283 14107
283 15713
283 17649
283 19029
284 401
284 609
284 903
284 1906
284 1945
284 1972
284 2019
284 3124
284 3277
284 3365
284 3713
284 4058
284 4893
284 5542
284 7301
284 7716
284 8913
284 9222
284 10204
284 10431
284 11307
284 11839
284 12618
284 12647
284 12839
284 13215
284 14265
284 14754
284 14997
284 15885
284 16214
284 17365
284 17406
284 18745
284 18748
285 14686
286 18742
287 10270
287 15008
288 13337
288 14988
288 18794
289 1345
290 15577
291 9626
292 5872
293 1194
293 1956
293 2004
293 2964
293 3534
293 4382
293 4455
293 4513
293 5673
293 6920
293 7071
293 7399
293 8543
293 9677
293 10373
293 16033
293 16124
293 17423
293 17847
293 18107
293 19133
294 851
294 1566
294 1570
294 3189
294 4704
294 6668
294 6980
294 7493
294 7649
294 8592
294 9020
294 12309
294 12427
294 12673
294 12687
294 12891
294 13639
294 14251
294 15403
294 17080
294 17703
294 18203
294 18561
294 19058
295 9239
295 13448
295 14942
295 18724
296 2456
296 4923
296 17474
297 623
298 2716
298 4057
298 14737
299 8974
300 15663
301 429
301 1008
301 1833
301 3197
301 5622
301 8534
301 15104
301 16659
302 7326
303 11456
304 18702
305 2577
306 1612
306 2613
306 2729
306 4002
306 4477
306 9211
306 10219
306 13859
306 15626
306 16857
307 2614
307 3862
307 5034
307 6311
307 9141
307 9739
307 9955
307 10327
307 11562
307 12586
307 13574
307 16582
307 19584
308 6776
308 15464
309 5461
310 5353
311 1902
311 2576
311 3414
311 3428
311 5106
311 5224
311 6440
311 7756
311 8296
311 8342
311 10050
311 11287
311 13133
311 13288
311 13730
311 15320
311 15583
311 16618
311 18608
311 18856
311 18894
312 17770
313 5871
313 7780
313 15207
313 17645
314 4152
314 8621
314 14442
314 17689
315 7021
316 3601
316 5809
317 1271
317 3505
317 3525
317 3715
317 5524
317 6558
317 6603
317 6642
317 6777
317 8010
317 9321
317 10648
317 10993
317 11287
317 11727
317 11832
317 11833
317 12561
317 14181
317 15134
317 16980
317 17337
317 17741
318 11921
318 17203
318 17276
319 11686
319 14232
320 7533
321 9726
322 8293
323 940
323 1752
323 3774
323 6317
323 6559
323 9454
323 10459
323 11363
323 12148
323 13742
323 15839
323 15854
323 16332
323 16363
323 16578
323 17269
323 17646
323 18477
324 2929
324 5766
324 6467
324 7313
324 7823
324 9115
324 9669
324 13195
324 13987
324 15325
324 19144
325 11443
326 11310
327 17006
328 2812
328 3602
329 5918
329 16462
330 18726
331 16697
332 15189
332 17399
333 4813
333 8875
333 16373
334 4923
335 13071
335 13733
336 973
336 2309
336 2542
336 4967
336 6754
336 9473
336 9939
336 12444
336 12851
336 13376
336 13872
336 17064
336 17948
336 18554
336 19061
337 1244
337 1891
337 2114
337 3654
337 4163
337 4454
337 7123
337 9214
337 9797
337 10748
337 10754
337 11181
337 11644
337 12514
337 13226
337 16754
337 18341
337 18622
338 1282
338 1312
338 7219
338 8629
338 18811
339 963
339 2361
339 3635
339 4537
339 8127
339 9490
339 9519
339 12098
339 15044
339 18910
340 2563
340 5375
340 7243
341 8424
342 951
343 3444
343 7300
343 9483
343 11258
343 16947
343 17188
344 3679
344 4186
344 10359
344 13079
344 15385
345 5565
346 9553
347 7496
348 533
348 11483
348 14013
349 9268
349 11725
350 10846
351 1640
351 7020
351 7116
351 7631
351 11450
351 13661
351 15933
351 16466
351 16873
352 17281
353 3695
353 8249
353 17875
353 18065
354 1998
355 16622
356 8503
357 625
357 1294
357 1385
357 1628
357 2225
357 2644
357 2801
357 3132
357 3342
357 3767
357 4006
357 4149
357 4200
357 4612
357 5016
357 5655
357 5667
357 5956
357 5961
357 5986
357 7147
357 8341
357 8711
357 9642
357 10227
357 10276
357 10455
357 10462
357 10661
357 11407
357 11593
357 11732
357 12027
357 12318
357 12530
357 12767
357 12979
357 13715
357 13728
357 13743
357 14015
357 15625
357 15691
357 15735
357 15913
357 16608
357 17139
357 17768
357 17811
357 18242
357 18289
357 18823
357 18994
357 19090
357 19309
357 19350
358 10818
359 14049
360 3104
360 7765
360 8470
360 13623
360 15920
361 10776
362 14721
363 1873
364 1920
365 4922
366 17415
367 2563
367 11958
368 9083
369 3517
370 586
370 689
370 798
370 889
370 1434
370 1944
370 2231
370 2353
370 2357
370 2460
370 2633
370 3488
370 3833
370 4082
370 4713
370 4771
370 5428
370 5603
370 5836
370 5864
370 6168
370 6346
370 6411
370 6519
370 6741
370 6804
370 7216
370 7256
370 7386
370 9207
370 9430
370 9500
370 9921
370 9971
370 10321
370 10536
370 11716
370 12031
370 12114
370 12178
370 12267
370 12326
370 12755
370 12759
370 12878
370 12913
370 13458
370 13621
370 13908
370 14348
370 15325
370 15371
370 15689
370 16543
370 16544
370 16546
370 16716
370 17019
370 17025
370 17026
370 17320
370 17872
370 17959
370 18727
370 18733
370 18907
370 19667
371 919
371 2131
371 5785
371 7915
371 7921
371 9965
371 10747
371 11627
371 14036
372 3165
372 3337
372 3715
372 4095
372 5356
372 5839
372 7691
372 8038
372 8668
372 9078
372 11442
372 11848
372 13121
372 13511
372 16853
372 18276
372 18722
372 18742
372 18895
373 9687
373 16214
373 16505
374 4455
374 12978
375 7294
376 3481
377 616
377 6715
377 7780
377 9897
377 11489
377 11900
378 11052
379 5463
380 3244
381 903
381 18896
382 2247
382 5075
382 7322
382 16498
383 14662
384 445
384 1390
384 2544
384 5547
384 5736
384 6084
384 7349
384 8015
384 10870
384 12816
384 13547
384 15139
384 16037
384 18712
385 18121
386 2964
386 3630
386 4684
386 5440
386 8683
386 10373
386 17664
386 18924
387 17592
388 9984
388 10981
389 2559
389 9366
390 2008
390 3831
390 17814
390 17819
391 1683
392 17034
393 11424
394 2567
395 4931
395 7575
395 7975
395 9723
395 12166
395 12352
395 15777
395 17422
395 19129
395 19420
396 8806
396 13939
397 4281
397 7512
397 11121
397 12675
397 12942
397 16071
397 16717
398 2909
398 6518
398 15109
399 2039
400 12512
401 1857
401 4701
401 8509
401 9222
401 18497
402 7010
403 3388
403 12280
404 16494
405 3301
406 715
406 1310
406 2174
406 4024
406 4864
406 6138
406 8665
406 9520
406 9582
406 10881
406 11626
406 13939
406 18585
406 19053
407 411
407 4222
407 7973
407 8012
407 9698
407 10990
407 11076
407 15571
407 16513
408 11386
409 4651
409 9067
409 9120
409 12753
409 12947
410 528
410 699
410 3337
410 5440
410 5787
410 6120
410 6586
410 7265
410 8352
410 11335
410 13364
410 14175
410 14284
410 15671
410 16084
410 16778
410 18141
410 18967
411 696
411 1395
411 6733
411 10990
411 11076
411 13994
411 14502
412 7756
413 11529
413 17912
414 3846
415 15253
416 4912
416 6174
417 11818
417 17629
418 5159
419 15704
420 1920
420 13527
421 13170
422 3747
423 4654
423 17166
423 18748
424 2674
424 3062
424 4711
424 5467
424 8106
424 12654
424 14637
424 15161
424 15406
424 16787
424 17932
424 18894
425 13893
426 15952
427 13787
428 1581
428 2176
428 5183
428 6443
428 7143
428 8055
428 9794
428 9881
428 11418
428 12484
428 13268
428 15112
428 18114
428 18223
428 18281
428 18774
428 18842
429 3197
429 4284
429 5622
429 18845
430 17432
431 1033
431 4262
431 6813
431 9340
431 10087
431 10088
431 10932
431 10933
431 18824
431 18826
432 2049
432 6715
432 8509
432 9794
432 11489
432 11701
432 11710
432 11900
432 12097
432 12256
432 12628
433 1757
434 13332
435 4084
435 7058
435 8772
435 10742
435 14640
435 14737
435 15851
435 18786
436 1325
437 18218
438 9978
439 2441
439 3453
439 5784
439 10846
439 15986
440 2140
440 7412
440 8457
440 9669
440 11894
440 13393
440 14793
440 15278
440 15325
440 16950
440 19237
441 4743
442 1172
442 1951
442 2277
442 3239
442 4933
442 6445
442 7830
442 9416
442 10698
442 12311
442 16926
442 17301
442 17818
442 17819
442 17824
442 18753
443 459
443 776
443 893
443 2111
443 2457
443 2777
443 4354
443 5835
443 6548
443 6834
443 8086
443 8295
443 9171
443 10294
443 10371
443 11168
443 16268
443 16790
444 2767
444 4319
444 5363
444 8692
444 9025
444 16938
445 1275
445 11919
445 17365
446 13471
447 3124
448 15197
449 4221
449 10484
449 18839
450 9576
451 3082
452 883
452 4246
452 6684
452 17418
453 4514
453 5342
453 12489
453 13157
453 16276
454 2100
454 2824
454 3534
454 4019
454 4295
454 5612
454 7235
454 7259
454 7987
454 9578
454 10452
454 10674
454 11238
454 12787
454 15928
454 17394
454 17557
454 17583
454 18325
455 6631
455 11840
456 13527
457 15843
458 3165
459 1230
459 1962
459 2111
459 2777
459 6548
459 6791
459 14202
460 616
460 5829
460 13276
460 15519
460 16424
461 7711
461 12877
463 5375
464 4975
465 3667
465 4402
465 15376
465 15498
465 18623
466 18502
467 11840
467 14754
467 18572
468 3831
468 7712
468 15008
468 16747
468 18357
468 18734
469 4086
470 4147
470 4813
470 16055
471 4683
471 9588
471 10308
471 15713
471 18670
471 18820
472 754
472 18035
473 8910
474 4758
474 8893
474 9041
474 9268
474 12150
475 8291
475 18804
476 6217
477 7301
477 9518
477 17499
477 18277
478 642
478 858
478 3733
478 8510
478 11450
478 13661
478 18636
479 1642
479 15037
479 15847
480 18841
481 811
481 892
481 4238
481 7073
481 10626
481 11952
481 13619
481 13952
481 14036
481 14590
481 14699
481 14997
481 16780
481 16873
481 18221
482 13068
483 765
483 4148
483 5019
483 12427
483 14525
483 15024
483 18840
484 3517
485 7733
485 9564
486 13690
487 14519
488 528
488 787
488 2878
488 3105
488 3157
488 3673
488 4333
488 5071
488 6591
488 7274
488 9901
488 10637
488 11499
488 11813
488 13020
488 13799
488 14128
488 14173
488 14651
489 528
489 5440
489 6120
489 6655
489 7487
489 7952
489 9785
489 10690
489 11816
489 12016
489 12733
489 15137
489 15788
489 19040
490 988
490 4824
490 11349
490 16943
490 17690
491 9451
491 16780
492 1710
493 733
493 13630
494 13473
494 16028
494 18544
495 6357
495 10247
495 13453
496 4010
496 6565
496 13807
497 3162
498 14031
499 5930
500 3831
500 14008
500 17301
500 18728
501 15006
502 1407
502 9568
503 12298
504 15473
504 18250
505 6813
505 9366
506 3831
506 9326
506 15823
507 5014
507 13534
507 18731
508 7016
508 7100
508 12739
509 1838
509 3162
509 6317
509 6449
509 6782
509 7992
509 8137
509 8241
509 8864
509 10469
509 10677
509 10857
509 11141
509 13674
509 14705
509 15373
510 903
510 3653
510 9808
510 15207
511 8470
512 16358
513 15980
514 2154
514 2322
514 3415
514 3754
514 5843
514 5917
514 6805
514 7630
514 9047
514 9212
514 9574
514 10754
514 12542
514 13401
514 13811
514 13940
514 14008
514 14392
514 14765
514 14979
514 16187
514 16549
514 17379
514 17988
514 18380
514 18728
515 9041
515 12150
515 15193
516 12077
516 12134
516 14101
517 6340
518 1735
518 3177
518 3342
518 4195
518 4952
518 8315
518 9200
518 9685
518 10005
518 11826
518 13071
518 13143
518 14827
518 15038
519 2783
520 9120
521 3082
522 3331
522 3350
523 5500
523 15891
523 18736
524 14026
525 7830
526 9256
526 16347
526 18946
527 8879
528 577
528 1244
528 1629
528 2120
528 2554
528 2645
528 3052
528 4194
528 4393
528 4655
528 5595
528 6120
528 6692
528 8352
528 9797
528 10185
528 10383
528 10880
528 13576
528 13963
528 17193
528 18033
528 18315
528 18741
528 18757
529 1315
529 2059
529 2516
529 2886
529 3957
529 4063
529 4128
529 5400
529 5716
529 6125
529 6653
529 6783
529 6949
529 7099
529 9186
529 9270
529 9511
529 10173
529 10671
529 11974
529 12071
529 13820
529 13839
529 17220
529 17469
529 17609
529 18011
529 18616
530 2591
530 6813
531 2543
531 3357
531 4214
531 4404
531 4831
531 5360
531 5663
531 7610
531 7992
531 8999
531 9314
531 13114
531 13246
531 13405
531 15095
531 16192
531 16727
531 18059
531 18477
532 8626
533 749
533 979
533 1868
533 2354
533 2522
533 2646
533 2701
533 5106
533 5224
533 5254
533 6470
533 6558
533 6617
533 7077
533 8106
533 8139
533 8322
533 9039
533 11287
533 11303
533 12573
533 12596
533 13185
533 13364
533 15583
533 16509
533 17107
533 18617
534 3080
534 6908
534 7318
534 8255
534 8986
534 13600
535 1205
536 11936
537 8114
538 14556
539 1799
539 8196
540 840
541 14049
542 1037
542 7480
542 11949
542 12416
543 4733
543 11752
543 15664
544 6813
544 12125
544 15845
544 16051
544 16460
544 17789
545 3619
545 7781
545 13322
546 605
546 3960
546 5029
546 5541
546 11024
546 11894
546 16591
547 1052
547 2716
547 3296
547 15311
548 3747
549 16347
550 809
551 15852
552 1345
552 15361
553 10049
553 10600
553 11866
553 16988
554 1345
554 1740
554 13228
554 15361
555 1854
555 2422
555 4098
555 4912
555 10796
555 12019
555 15545
555 16703
555 17582
556 9216
556 13763
557 8081
558 7336
559 4938
559 6534
560 5899
561 11241
562 14515
563 1497
563 13046
563 15390
563 17622
564 14207
565 6224
566 7535
567 9943
568 9715
569 3137
569 8608
569 10471
569 15773
570 10484
571 10107
572 3136
572 5661
573 13616
574 2465
574 4094
574 5324
574 6608
574 8649
574 11024
574 12943
574 13146
574 13498
574 14797
574 16146
574 17336
575 6217
576 16214
577 2425
577 3054
577 6692
577 10373
577 11816
577 13020
577 18732
579 1943
579 3062
579 4250
579 5981
579 7130
579 8038
579 9047
579 11866
579 12498
579 13140
579 13511
579 13811
579 16341
579 16635
579 17493
579 17899
579 18673
580 7756
581 5687
581 14854
581 18099
581 19160
582 7603
582 11446
582 15971
583 1271
583 3492
583 5321
583 7444
583 9989
583 10540
583 10600
583 11275
583 11902
583 12349
583 13620
584 14207
585 4443
585 12157
586 4033
586 5104
586 10512
587 2182
587 12612
588 1873
589 6509
590 1939
590 2042
590 4586
590 5718
590 6945
590 8601
590 16011
591 4938
591 10015
592 668
592 2518
592 3683
592 4411
592 8034
592 11840
592 13677
592 13925
592 14092
592 14484
592 14754
592 15735
592 18765
593 12667
594 2590
595 2485
595 10383
596 12285
597 5265
597 6167
597 7113
597 11674
597 12354
597 14194
597 14305
597 14893
597 15025
597 18841
598 2182
598 2214
598 5152
598 12612
598 18911
599 6419
600 5799
600 18725
601 18508
602 1570
602 2332
602 5473
602 5823
602 10362
602 19079
602 19296
603 16144
604 14622
604 18453
605 1756
605 4297
605 14430
605 19097
606 4922
607 7636
608 9726
609 1321
609 1482
609 4833
609 6702
609 9031
609 10739
609 11460
609 12617
609 12876
609 17760
609 19394
610 5515
611 1205
611 1602
611 2301
611 2981
611 3018
611 3054
611 6083
611 7294
611 7370
611 7733
611 7771
611 8089
611 8104
611 8129
611 9471
611 9873
611 10412
611 10776
611 11354
611 12573
611 14211
611 14727
611 17159
611 17856
611 18600
611 18808
611 19442
612 4984
612 10741
612 15920
612 17034
613 10587
613 12120
614 6907
614 12260
615 2214
616 918
616 1242
616 1265
616 1274
616 1300
616 1683
616 2019
616 2028
616 2110
616 2229
616 2352
616 2463
616 3136
616 3141
616 3146
616 3267
616 3603
616 3683
616 4356
616 4717
616 4925
616 5048
616 5095
616 5329
616 5375
616 5490
616 5639
616 5804
616 5930
616 6334
616 6631
616 7080
616 7293
616 7305
616 7780
616 7871
616 8470
616 9814
616 10037
616 10183
616 11120
616 11262
616 11390
616 11449
616 11450
616 12046
616 12256
616 12327
616 12440
616 13369
616 13859
616 14031
616 14484
616 14515
616 14754
616 14997
616 15456
616 15682
616 15826
616 15952
616 16186
616 16214
616 16925
616 17034
616 17387
616 17415
616 17634
616 18754
616 18768
616 18773
616 18816
616 18827
616 19002
617 7222
617 8567
617 15841
618 7496
618 9249
619 10818
620 1813
620 2680
620 4540
620 5747
620 8783
620 11349
620 12075
620 16518
620 16565
620 17812
621 6169
621 7720
621 8840
621 17166
622 10535
623 1655
623 3646
623 4223
623 4502
623 4785
623 5216
623 5605
623 5682
623 11992
623 12919
623 13885
623 14019
623 14345
623 16035
623 18208
623 18667
623 18854
624 2884
624 4388
624 9576
624 14092
624 15182
625 668
625 9249
625 13677
625 15735
626 13525
627 2112
628 895
628 2483
628 8266
628 9010
628 9079
628 10765
628 14777
628 16371
628 16690
628 19622
629 18743
630 1721
630 2173
630 2982
630 6149
630 7185
630 9587
630 10769
630 12138
630 13529
630 17151
630 18771
630 18929
631 6697
632 17098
632 18620
633 10389
634 14676
635 712
636 1061
636 8616
636 14575
636 15970
637 2334
637 3296
637 10966
637 12836
637 15611
637 19100
638 8488
638 10705
638 15676
638 18376
639 1660
640 18892
641 2038
641 7914
641 8563
641 8642
641 11734
641 11894
641 13684
641 13865
641 14900
641 15102
641 17304
641 17949
642 962
642 4916
642 4984
642 5029
642 5804
642 6690
642 7902
642 8566
642 9634
642 12019
642 13285
642 15590
642 15863
642 17936
642 18827
643 3502
643 3612
643 3953
643 4014
643 7870
643 14408
643 18026
644 4787
644 13180
645 969
645 1938
645 2835
645 3671
645 3781
645 5048
645 5500
645 5872
645 6243
645 8037
645 8221
645 9390
645 9943
645 12559
645 12882
645 15384
645 15385
645 15891
645 15954
645 16631
645 16789
645 18645
645 19044
646 4803
646 8093
646 15923
647 16214
648 872
649 2704
649 4367
649 5509
649 13581
649 14186
649 14912
649 19074
649 19295
650 11524
650 12120
650 14519
650 16322
651 856
651 4559
651 9749
651 10551
651 11274
651 15702
651 17684
652 2563
652 14207
653 8106
653 14988
654 2281
654 12259
654 15825
654 19002
655 13368
656 735
656 1271
656 3601
656 4095
656 5224
656 7659
656 7775
656 10212
656 10600
656 11468
656 13046
656 18820
657 7837
657 11724
657 12370
657 15054
657 17088
657 18780
658 1045
658 2361
659 1507
659 13026
660 8384
661 11044
662 7807
662 13890
663 4450
664 9808
664 12512
665 4058
666 6166
667 11546
667 12066
668 1338
668 1343
668 1385
668 1481
668 2644
668 2733
668 3746
668 4161
668 4200
668 5303
668 6197
668 6835
668 7928
668 8056
668 8622
668 9249
668 9351
668 9415
668 10497
668 10842
668 11593
668 12027
668 12318
668 12768
668 13552
668 13995
668 15525
668 15806
668 16026
668 17513
668 17810
668 17811
668 18397
668 18662
668 18994
668 19090
668 19350
669 738
670 8821
670 11912
670 15026
670 17194
670 17672
671 3190
672 4193
672 6581
672 12066
672 17483
673 2039
674 1893
674 5704
675 1893
676 16967
677 2092
677 2659
677 4020
677 4064
677 4818
677 5868
677 6509
677 7308
677 8927
677 13500
677 13981
677 15035
677 16624
677 17474
677 19260
677 19583
678 1378
678 1469
678 12457
679 8803
679 12019
680 7626
680 13910
680 18943
681 11442
682 12298
683 3136
684 13425
685 13088
686 17508
687 865
687 1205
687 12298
687 13502
687 15989
688 6721
688 7316
689 2460
689 3017
689 3285
689 4246
689 4653
689 5021
689 9173
689 11409
689 13241
689 18931
690 11304
691 11536
692 4912
693 13180
694 3831
694 10440
694 13083
695 8376
696 1515
696 3640
696 11076
696 11580
696 16384
697 4963
698 10149
698 15882
698 18502
699 2645
699 4702
699 6120
699 7774
699 8668
699 13800
699 18832
700 2134
700 3244
700 4308
700 6578
700 11045
700 16541
700 17048
700 17801
701 3136
702 6771
702 7157
703 4743
704 1378
705 18817
706 3425
706 5654
706 12458
706 12468
706 15407
707 3165
707 5920
707 15395
708 2229
708 3481
708 3683
708 6794
708 9249
708 13677
708 14754
708 15735
709 716
709 2602
709 5440
709 5467
709 7130
709 9112
709 9192
709 10887
709 11898
709 13089
709 14197
709 15620
709 15788
709 18538
710 1761
710 16904
710 18945
711 14942
712 2068
712 2140
712 3201
712 5913
712 6155
712 10392
712 12115
712 13278
712 16167
712 18551
713 5661
714 9059
714 17909
715 15007
716 2120
716 5440
716 11048
716 11442
716 12251
716 12502
716 14107
716 14284
716 15788
716 16838
716 18912
717 3136
717 3287
717 4058
717 4077
717 8034
717 12347
717 14147
717 14640
717 17105
717 17192
718 11840
719 3759
719 5040
719 6516
719 6620
719 7566
720 7056
720 13839
720 17767
721 1467
721 4514
721 9249
721 10662
721 18871
722 12964
723 18745
724 2361
725 5089
725 8987
725 18191
726 7316
726 8352
726 18670
727 14139
728 16982
729 2708
729 3878
729 3922
729 7156
729 12353
729 13403
730 17382
731 1599
731 9405
731 18070
732 5353
733 2767
733 5762
733 6000
733 9881
733 11024
733 13099
734 2673
735 1463
735 1497
735 2228
735 3062
735 3273
735 4198
735 4400
735 5440
735 5467
735 5808
735 5809
735 5839
735 6050
735 6838
735 8249
735 9241
735 10212
735 10600
735 10859
735 11468
735 11866
735 12279
735 12285
735 13046
735 13337
735 13392
735 13940
735 15788
735 16107
735 16140
735 16284
735 17493
735 17899
735 18216
735 18315
735 18380
735 18673
735 18722
735 18895
736 2791
736 9211
736 11182
736 15012
736 17017
737 16303
738 1630
738 4995
738 6040
738 11072
738 11522
738 17354
739 13361
740 8454
741 1361
741 8453
741 11087
741 17308
742 1752
742 5716
743 4405
743 5595
743 6527
743 8426
743 10212
743 10600
744 3713
745 9518
746 1045
746 1385
746 4989
746 14417
746 15735
746 18765
746 18825
747 6544
748 6298
749 778
749 1282
749 3544
749 4799
749 7790
749 8384
749 8555
749 8694
749 9193
749 9545
749 10856
749 11595
749 12092
750 2346
750 5372
750 5715
750 5904
750 7327
750 7567
750 10769
750 11231
750 11878
750 14211
750 14421
750 14651
750 18725
751 15982
752 6902
752 16152
753 1761
753 6190
753 7018
753 17048
754 926
754 2298
754 4838
754 4845
754 5324
754 6035
754 6265
754 6638
754 6812
754 6994
754 7293
754 7494
754 8436
754 9040
754 9723
754 10215
754 11024
754 11450
754 13018
754 13531
754 13947
754 14699
754 15333
754 16316
754 17211
754 17215
754 19045
754 19299
755 1163
755 1315
755 2577
755 3263
755 3719
755 4000
755 5250
755 5375
755 7084
755 7099
755 8652
755 11169
755 13444
755 13678
755 16198
755 16330
755 16624
755 17303
755 17756
755 18050
756 11409
758 14982
759 2463
759 5661
759 6205
759 10513
759 12347
759 13525
759 14147
759 14353
759 16318
759 17105
760 2170
761 5243
761 11809
761 16054
761 17508
762 17989
763 6656
764 9264
764 9588
764 10703
765 11463
765 13735
765 17236
765 19606
766 1753
766 6650
766 6656
766 7862
766 9181
766 10433
766 10441
766 12019
766 14218
766 16211
766 16703
766 17281
766 17892
766 18185
766 18625
767 4464
767 4513
767 5270
767 6697
767 6749
767 7232
767 10337
767 13655
767 13656
767 16243
767 16827
767 17284
767 18100
767 18642
768 4315
768 5174
768 7210
768 8348
768 9181
768 16292
768 16794
768 17151
768 17418
768 18733
769 3160
769 9181
769 16152
770 12019
770 16785
771 3242
771 6043
772 2703
772 15993
774 4086
775 7398
776 8288
776 9171
776 12278
776 12432
777 11923
778 3430
778 3592
778 4013
778 5467
778 6193
778 8629
778 11533
778 12239
778 12926
778 13020
778 13364
778 15944
778 15992
778 18801
779 18904
780 17677
781 11895
782 1841
782 6143
782 6656
782 7670
782 11919
782 13083
782 17399
782 17439
783 6242
784 2012
784 3129
784 4764
784 6094
784 13870
784 19356
785 15544
786 865
786 1205
786 2098
786 3451
786 11177
786 13502
786 19001
787 1271
787 2120
787 3052
787 4393
787 4751
787 6077
787 7112
787 7370
787 7733
787 7853
787 8104
787 8426
787 9409
787 10540
787 11203
787 11936
787 12349
787 12738
787 12742
787 13597
787 16140
787 17649
787 17839
787 18870
787 18924
788 11307
789 14044
790 14218
791 5507
791 12884
791 14640
792 18781
793 18973
794 7140
795 4561
796 8608
797 13525
800 4411
800 12019
801 1313
802 6094
802 11460
802 12369
802 13067
802 16402
802 17689
802 18871
803 1474
803 1847
803 2216
803 4140
803 4455
803 4513
803 9311
803 10573
803 11664
803 12435
803 13266
803 14839
803 14978
803 14979
803 15722
803 16720
803 16754
804 1425
804 6411
804 6442
804 7452
804 7475
804 8372
804 15520
804 17019
804 17025
804 17026
804 17165
804 18093
804 18733
805 1569
805 1704
805 3574
805 3592
805 5063
805 5113
805 5118
805 5234
805 5623
805 6988
805 9777
805 12505
805 15646
805 15992
805 16531
806 820
806 1108
806 1317
806 2150
806 2763
806 3427
806 6398
806 6780
806 6831
806 8442
806 9657
806 9831
806 9960
806 12186
806 12765
806 12871
806 13109
806 14477
806 17063
806 17739
806 17937
806 18266
806 18411
806 18436
806 18685
806 19291
807 17194
808 15207
809 3847
809 5336
809 7105
809 7207
809 7664
809 10543
809 12051
809 14199
809 15874
809 17915
809 18193
809 19678
810 3207
810 5174
810 6934
810 8660
810 16958
812 3754
812 12066
812 13717
813 12667
814 6979
814 10744
814 14082
814 17077
815 12559
816 2841
816 4924
817 15188
818 3517
818 17708
819 16495
820 11099
820 11233
820 16055
821 14618
821 15952
822 1220
822 1459
822 1796
822 1912
822 2694
822 4466
822 4499
822 5206
822 5781
822 6664
822 6670
822 6885
822 7978
822 8245
822 8758
822 9501
822 9713
822 11319
822 12266
822 12360
822 12653
822 13214
822 16179
822 16521
822 16746
822 16801
822 17102
822 17638
822 17640
823 5947
824 3286
825 3728
825 18918
826 1276
826 5618
826 6199
826 9813
826 17192
827 8741
828 1301
828 1683
828 4717
828 8608
828 10513
829 13525
830 7659
830 13191
831 2703
831 4678
831 7199
831 15155
831 15989
831 15994
831 17814
831 17815
831 17819
832 18973
833 5054
833 8817
833 11478
833 14910
833 17072
833 17116
834 1582
834 2281
834 4538
834 6859
834 7814
834 8950
834 9327
834 12812
834 15022
834 15238
834 15544
834 15973
834 18455
835 16303
836 14388
837 10535
838 11848
839 4989
840 1721
840 2031
840 3128
840 3667
840 5825
840 6411
840 7452
840 8060
840 9114
840 9548
840 9841
840 12592
840 17019
840 17025
840 17026
840 17274
840 18381
841 14768
841 16070
842 7427
843 15105
844 18444
845 17123
845 18811
846 17123
847 6501
847 13415
848 18430
849 18811
850 1467
850 4164
850 10516
850 10662
850 14277
850 16342
852 4058
853 15351
854 7136
854 10292
854 12555
855 12818
856 905
856 4316
856 4376
856 4989
856 5306
856 6095
856 6660
856 10226
856 10872
856 11655
856 16748
856 17187
856 17684
856 18502
856 18661
857 17177
858 4332
858 7814
858 15975
858 18455
859 18471
860 8093
862 18812
864 18362
865 1025
865 1951
865 2571
865 3966
865 6555
865 7193
865 9365
865 11464
865 17816
865 17819
865 17824
865 18187
865 18699
865 19207
865 19287
866 2271
866 2999
867 7158
867 17912
867 18263
868 951
869 1643
869 1843
869 3813
869 4227
869 4733
869 6145
869 6818
869 7430
869 7973
869 8584
869 8770
869 9191
869 9998
869 10105
869 10233
869 11295
869 12255
869 13256
869 14000
869 15375
869 15757
869 16918
869 17944
869 18211
869 18788
869 19247
870 2071
871 11463
872 5395
872 6565
872 8055
872 11186
872 13662
872 15148
872 17478
873 14832
874 1506
874 12066
875 1945
875 3124
876 1920
876 8198
877 4522
877 11450
877 11661
877 17429
878 4977
878 10457
878 18743
879 4578
880 9846
881 6567
881 11595
882 1359
882 1623
882 3881
882 4107
882 7439
882 9091
882 9907
882 14552
882 15174
882 15181
882 16491
882 17243
882 17835
882 19150
883 5584
883 6997
883 9124
883 10692
883 10984
883 15492
883 16463
883 19135
883 19673
884 3543
884 4733
884 4942
884 8840
884 10264
884 11332
884 14442
884 18211
884 18317
885 16958
886 1043
887 2695
887 3848
887 7063
887 7124
887 10592
887 13633
887 14358
887 14385
887 14626
887 14742
888 10629
889 10796
890 1257
891 1513
891 8364
891 18896
892 4916
892 5029
892 5804
892 6690
892 8566
892 13285
893 6548
893 9171
894 3410
894 3559
894 4008
894 6824
894 9197
894 12229
894 13013
894 16303
895 14777
896 2841
896 3577
896 8130
896 15663
896 16229
897 1761
897 1777
897 1938
897 2538
897 3781
897 6243
897 15384
897 15954
898 901
898 1683
898 11958
898 14515
898 15952
899 7838
899 10858
900 4533
901 2185
901 2642
901 2994
901 3248
901 3439
901 4034
901 4592
901 4811
901 4826
901 5255
901 5596
901 6019
901 6184
901 6540
901 7518
901 7611
901 8043
901 10639
901 11094
901 11372
901 11894
901 12993
901 13776
901 14226
901 15072
901 15864
901 15909
901 16456
901 16936
902 7215
902 7797
902 9471
902 17159
902 17195
902 18808
903 1857
903 1903
903 2041
903 2371
903 2735
903 2801
903 3750
903 3914
903 4132
903 4161
903 4988
903 5114
903 5177
903 5395
903 5441
903 5548
903 5581
903 5596
903 6446
903 6635
903 6695
903 6704
903 6742
903 6889
903 6917
903 7067
903 7108
903 7132
903 7272
903 7720
903 7740
903 7841
903 7888
903 8055
903 8985
903 9040
903 9228
903 9419
903 10008
903 10560
903 11097
903 11372
903 11894
903 12431
903 12807
903 13057
903 13556
903 14138
903 14395
903 14687
903 15002
903 15073
903 15205
903 15208
903 15561
903 15864
903 15873
903 16036
903 16459
903 16462
903 16595
903 17202
903 17308
903 17442
903 17874
903 18139
903 18163
903 18212
903 18497
903 18515
903 18745
903 18984
903 19048
903 19538
904 3136
904 12126
905 10973
905 16265
905 18661
906 10885
907 7666
908 17365
909 1474
909 1556
909 1803
909 2662
909 3555
909 3596
909 5742
909 6495
909 6562
909 6888
909 8387
909 9969
909 10686
909 11206
909 12396
909 14025
909 14752
909 14882
909 15113
909 15613
909 15883
909 15914
909 16773
909 17173
909 17500
909 17906
909 19703
910 13118
910 14893
910 18625
911 4829
912 2395
912 5889
912 6314
912 9965
912 11024
912 11450
912 13651
912 15464
912 18710
913 3800
913 18893
914 2534
915 12201
915 12725
915 16541
916 11456
917 2170
917 3182
917 13301
917 16033
918 1551
918 2834
918 3225
918 4077
918 4631
918 5662
918 5775
918 6423
918 9119
918 11024
918 11434
918 11449
918 11450
918 12470
918 12550
918 18718
918 19159
920 17003
921 6684
921 13474
921 15298
922 5555
922 6903
922 9765
923 941
923 13137
924 3824
924 5269
924 6562
924 8372
924 8396
924 9703
924 11202
924 14752
924 14955
924 15599
924 16110
924 16778
924 18173
925 1547
925 4411
925 5515
925 9216
926 4450
926 4581
926 5507
926 5730
926 9723
926 12457
926 16305
926 17409
927 16851
928 1469
928 9652
928 14216
928 18811
929 15870
930 9561
931 13415
932 9268
932 11725
932 12573
933 10961
933 14819
934 16541
935 4402
935 15882
936 2841
937 12442
938 10818
938 16533
939 18784
941 8698
941 9227
941 13379
942 6794
942 15735
943 6209
944 18794
945 1360
945 1841
945 11955
946 17657
947 13483
948 2095
948 2988
948 5224
948 7095
948 9584
948 12673
948 16674
948 17080
948 18405
948 19514
949 18958
950 1814
950 3277
950 16100
951 1647
951 2755
951 3084
951 3298
951 3384
951 5283
951 5324
951 6046
951 7097
951 7293
951 7929
951 8238
951 8634
951 9096
951 9895
951 10520
951 10590
951 11545
951 13028
951 13457
951 18422
952 14069
953 954
953 2361
953 2689
953 2890
953 5245
953 5345
953 5943
953 9156
953 9612
953 13573
953 17871
953 17978
953 18649
953 18726
953 19388
954 2890
954 17871
954 17961
955 1063
956 7665
957 1364
957 2543
957 5436
957 5663
957 6583
957 7110
957 7979
957 8365
957 9573
957 10671
957 11060
957 11982
957 12896
957 13246
957 13405
957 15496
957 18059
957 18477
958 13964
958 14603
959 6764
959 10922
960 8956
960 9553
960 12564
961 13541
961 18809
962 1246
962 1286
962 2955
962 3141
962 3801
962 5132
962 5829
962 6346
962 6898
962 11450
962 12217
962 12256
962 12610
962 14097
962 14800
962 14912
962 16712
962 19144
963 2217
963 2584
963 3279
963 3930
963 4212
963 4445
963 5968
963 8923
963 8998
963 9057
963 9389
963 9910
963 11469
963 11823
963 12561
963 12903
963 13261
963 14347
963 16720
963 17205
963 17599
963 18967
964 10595
964 11390
965 8619
966 2157
966 3886
966 4616
966 4846
966 8987
966 11604
966 13976
966 15546
967 3287
968 1635
969 1938
969 5872
969 6243
969 7825
969 8037
969 9859
969 14647
969 15385
969 16488
969 17267
969 17542
970 2957
970 8598
970 18614
971 4114
972 12726
973 1244
973 2361
973 2708
973 2981
973 6501
973 9268
973 9386
973 11725
973 11914
973 16826
973 18728
974 989
974 3153
974 5926
974 6273
974 7829
974 9026
974 15189
975 7603
975 11446
976 15975
977 7370
977 10436
978 7852
978 10397
979 1205
979 1557
979 3582
979 5569
979 9262
979 9588
979 9842
979 13403
979 15989
979 17219
979 18804
980 17955
981 6411
981 7452
981 8823
981 9114
981 10395
981 17019
981 17025
981 17026
981 18093
981 19302
982 16297
983 12175
984 1163
984 1632
984 16223
984 16624
984 17338
985 1205
985 14942
985 15704
986 4846
986 9277
986 10601
986 11039
986 19044
987 2100
987 3782
987 3992
987 4874
987 5394
987 5969
987 6899
987 6930
987 7659
987 8042
987 11277
987 11394
987 11813
987 14128
987 14756
987 15978
987 17440
987 18099
987 18694
989 3567
989 5926
989 7180
989 10664
989 12047
989 17399
989 17487
990 8106
991 12564
992 4878
992 11894
992 13213
992 13542
992 16151
992 16830
993 7969
994 17911
995 3570
996 1455
996 7358
996 7876
996 12697
996 14660
996 17273
996 18982
996 19200
997 15998
997 18798
998 18614
999 9181
1000 18587
1001 8470
1001 14556
1002 2532
1002 7377
1003 7666
1004 13534
1005 7927
1006 10846
1007 18794
1008 2199
1008 4371
1008 11417
1008 11620
1008 12606
1008 12785
1008 15070
1008 15810
1009 7861
1010 2759
1010 8763
1011 18839
1012 4323
1012 7113
1012 10298
1012 10510
1012 12066
1012 12353
1012 16989
1012 17629
1013 2739
1013 4928
1013 5629
1013 5911
1013 6457
1013 7929
1013 10707
1013 11234
1013 11599
1013 11758
1013 13965
1013 14824
1013 14919
1013 15799
1013 17605
1013 18329
1013 19337
1014 2361
1015 7136
1015 18847
1016 14207
1017 12298
1017 13435
1018 8664
1018 18095
1019 10457
1020 3162
1021 1640
1021 2977
1021 8374
1021 10966
1021 15611
1022 10857
1023 14722
1024 15008
1025 13502
1025 17819
1026 3961
1027 13448
1027 18724
1028 3693
1028 15700
1029 2008
1029 10440
1030 8724
1031 12260
1031 18781
1032 18798
1033 3342
1033 7134
1033 7151
1033 9007
1033 14093
1033 14816
1033 15845
1033 16312
1034 5896
1034 12066
1035 4985
1035 5089
1035 8987
1035 10451
1036 1931
1036 6280
1036 6770
1036 11441
1036 13988
1036 14418
1036 15235
1036 18983
1036 19252
1037 1477
1037 4422
1037 5307
1037 5430
1037 6686
1037 11921
1037 13876
1037 16342
1037 17203
1038 8152
1038 8283
1038 8798
1038 10350
1038 11065
1038 16749
1039 7733
1039 7756
1040 3540
1040 13844
1041 4974
1042 7056
1043 2366
1043 2982
1043 3152
1043 5721
1043 8607
1043 9285
1043 12502
1043 12848
1043 13428
1043 13828
1043 14068
1043 14229
1043 14269
1043 14597
1043 15243
1043 16778
1043 16972
1043 17110
1043 17728
1043 18933
1044 14857
1044 17538
1045 1244
1045 1618
1045 1675
1045 1798
1045 1942
1045 2128
1045 3548
1045 4161
1045 4260
1045 4323
1045 4455
1045 4908
1045 7232
1045 7399
1045 7431
1045 9089
1045 9886
1045 10265
1045 10754
1045 11674
1045 12250
1045 12514
1045 12974
1045 13754
1045 15066
1045 15722
1045 16033
1045 16747
1045 17147
1045 17573
1045 17757
1045 18341
1045 18421
1045 18742
1045 18903
1045 19293
1046 2428
1046 3332
1046 5029
1046 5237
1046 7939
1046 11540
1046 13400
1047 9041
1048 9366
1048 18715
1049 1920
1050 6194
1050 17785
1051 1300
1051 2049
1051 2942
1051 4470
1051 9401
1051 13295
1052 2459
1052 6041
1052 8436
1052 11909
1052 17432
1052 17858
1052 19669
1053 11672
1054 15577
1055 3284
1055 7067
1055 7210
1055 11178
1055 15864
1056 2311
1056 2735
1056 2792
1056 3284
1056 4179
1056 7210
1056 7530
1056 9669
1056 11244
1056 11372
1056 11486
1056 11894
1056 13617
1056 15864
1056 17713
1057 8194
1057 11450
1057 11795
1057 12046
1057 16057
1057 18184
1057 18410
1058 2008
1058 13527
1059 13893
1060 12200
1060 15571
1061 1484
1061 7373
1061 12001
1061 14809
1061 15531
1061 18040
1061 18118
1062 14218
1063 3731
1063 4034
1063 4811
1063 5036
1063 5273
1063 7518
1063 7736
1063 7977
1063 8372
1063 9475
1063 11449
1063 11450
1063 14353
1063 15749
1063 17537
1063 19185
1063 19273
1064 4172
1064 13983
1065 3531
1065 6794
1066 18841
1067 10425
1068 1584
1068 2371
1068 2526
1068 3251
1068 5324
1068 11024
1068 11449
1068 11450
1068 13923
1068 15220
1068 15399
1068 18498
1068 19082
1069 18756
1070 5515
1071 4035
1071 4467
1071 4637
1071 5059
1071 11995
1071 19019
1071 19347
1072 10425
1073 3695
1074 6190
1075 14815
1076 4086
1076 7265
1076 9014
1076 15780
1076 18949
1077 1503
1077 3350
1077 11016
1077 15285
1077 15986
1077 17361
1077 17418
1078 12325
1079 11580
1079 16918
1080 15611
1081 13804
1082 7900
1083 9059
1084 11842
1084 15572
1084 15825
1085 4489
1085 4524
1085 5219
1085 9073
1085 12540
1085 12765
1085 12790
1085 12871
1085 17723
1085 18536
1086 4222
1086 5058
1086 11580
1086 16125
1087 3663
1088 6368
1088 8980
1089 12678
1090 1204
1090 14288
1091 1914
1091 2435
1091 3304
1091 3627
1091 7008
1091 10201
1091 12617
1091 16065
1091 16434
1091 16667
1092 18895
1093 15432
1094 13983
1095 6501
1095 7577
1096 13803
1097 5579
1098 2095
1098 2999
1098 3018
1098 3793
1098 10068
1098 11808
1098 14013
1098 14555
1098 16764
1099 18095
1100 4356
1100 12442
1101 18011
1102 4505
1102 5429
1102 6957
1102 8093
1102 13699
1102 15191
1102 16607
1103 15736
1104 10055
1105 3825
1106 9943
1106 15088
1107 6352
1107 8748
1107 11697
1107 12995
1108 5186
1108 6148
1108 10617
1108 11785
1108 14448
1108 15833
1108 18415
1109 6357
1110 16868
1111 17859
1112 12559
1113 4186
1113 4377
1113 4486
1113 12644
1114 3805
1114 5276
1114 17301
1114 18739
1115 12467
1116 1312
1117 2235
1118 3190
1118 3249
1118 4141
1118 7445
1118 8469
1118 8823
1118 9738
1118 10278
1118 12647
1118 13882
1118 15087
1118 15940
1118 15941
1118 16703
1118 16717
1118 18745
1119 1205
1119 2232
1119 2366
1119 2571
1119 5147
1119 6555
1119 7198
1119 7830
1119 10592
1119 10885
1119 10895
1119 11470
1119 12298
1119 12439
1119 14651
1119 14995
1119 15938
1119 16387
1119 16754
1119 17819
1119 17824
1119 18159
1119 18588
1119 18627
1119 18992
1119 19168
1120 16054
1121 14431
1122 2511
1122 3349
1122 6520
1122 7581
1122 7676
1122 7690
1122 8409
1122 9411
1122 10867
1122 13144
1122 16948
1122 17038
1122 17169
1122 17495
1123 16427
1124 2329
1125 12643
1125 12924
1126 8225
1127 14563
1127 16281
1128 3695
1129 1321
1129 5166
1129 6342
1129 7561
1129 9652
1129 14781
1130 11473
1130 16462
1131 13280
1132 9173
1133 4332
1133 4717
1133 4722
1133 17006
1134 18893
1135 10055
1135 11672
1135 13010
1136 5295
1136 6976
1136 8216
1136 9926
1136 11379
1136 12104
1136 12961
1136 15098
1136 16153
1136 16660
1136 18569
1137 9177
1137 15506
1138 17596
1139 4141
1139 5919
1139 6650
1139 12280
1139 12747
1139 17030
1140 3942
1140 15884
1141 4546
1141 5908
1141 13940
1141 16826
1142 1412
1142 2361
1142 2884
1142 3831
1142 3900
1142 4388
1142 6190
1142 9576
1142 11456
1142 12066
1142 14092
1142 17122
1142 18680
1142 19223
1143 4221
1143 6543
1143 8537
1144 2680
1144 3036
1144 4581
1144 4851
1144 4922
1144 5336
1144 5500
1144 5599
1144 5637
1144 5859
1144 6878
1144 9218
1144 9864
1144 10668
1144 11024
1144 11810
1144 12526
1144 13325
1144 13752
1144 15277
1144 15825
1144 16776
1144 18541
1144 18805
1145 1204
1145 3289
1145 7326
1146 18949
1147 10204
1148 16775
1149 9890
1150 12219
1151 12019
1151 15207
1152 2284
1152 7194
1152 8599
1152 14381
1152 16525
1153 15189
1154 5899
1155 8608
1155 16148
1156 17415
1157 9256
1158 4099
1158 7117
1158 8220
1158 9177
1158 19169
1159 15611
1160 5643
1161 8359
1161 11840
1162 9978
1163 7360
1164 2343
1165 3831
1165 13730
1166 11354
1167 9842
1168 6298
1169 6705
1169 11232
1169 11408
1169 17160
1169 18358
1169 18442
1169 18769
1169 19052
1169 19286
1170 4245
1171 6209
1172 1205
1172 2098
1172 5147
1172 7157
1172 7199
1172 7329
1172 7830
1172 9296
1172 9602
1172 12298
1172 14892
1172 15155
1172 16570
1172 16926
1172 17815
1172 17819
1172 17824
1172 19001
1173 4553
1174 1883
1174 2456
1174 2949
1174 3357
1174 4020
1174 4310
1174 5868
1174 7076
1174 8234
1174 13234
1175 18729
1176 14791
1177 18632
1178 6771
1178 12285
1179 9181
1180 14110
1181 4033
1182 1204
1182 1265
1183 1731
1183 2806
1183 3925
1183 13932
1184 12298
1185 11413
1186 8109
1186 16625
1187 2598
1187 3368
1187 6383
1187 9834
1187 18052
1187 18333
1187 18365
1188 10389
1189 10036
1190 15207
1191 1830
1191 3825
1191 4007
1191 4848
1191 6243
1191 8037
1191 15329
1192 9846
1193 3640
1194 2128
1194 2268
1194 5440
1194 5673
1194 7240
1194 7399
1194 9471
1194 10373
1194 11812
1194 16000
1194 16033
1195 6276
1196 8741
1197 1347
1197 4056
1197 4400
1197 5595
1197 6120
1197 6920
1197 7296
1197 9490
1197 9519
1197 10265
1197 10436
1197 15044
1197 17255
1197 17901
1198 12019
1199 6850
1199 7136
1200 7136
1201 6204
1201 10223
1201 13976
1202 3103
1202 4421
1202 7394
1202 8372
1202 9114
1202 10796
1202 13098
1202 17972
1203 2485
1204 2192
1204 3608
1204 6259
1204 6358
1204 7302
1204 10456
1204 10757
1204 11024
1204 11215
1204 11449
1204 11450
1204 12249
1204 15323
1204 17066
1204 18223
1204 18696
1205 1237
1205 1406
1205 1521
1205 1695
1205 1769
1205 1842
1205 2116
1205 2388
1205 2523
1205 2571
1205 2605
1205 2629
1205 2646
1205 2817
1205 2927
1205 2969
1205 3105
1205 3209
1205 3524
1205 3545
1205 3710
1205 3827
1205 3854
1205 3966
1205 4118
1205 4229
1205 4264
1205 4531
1205 4647
1205 4808
1205 5112
1205 5431
1205 5574
1205 5813
1205 5816
1205 6102
1205 6203
1205 6599
1205 6624
1205 6729
1205 6825
1205 7006
1205 7079
1205 7176
1205 7379
1205 7396
1205 7757
1205 7830
1205 8209
1205 8284
1205 8322
1205 8384
1205 8504
1205 9102
1205 9365
1205 9471
1205 9548
1205 9551
1205 9885
1205 9974
1205 10050
1205 10325
1205 10769
1205 10799
1205 10960
1205 10981
1205 11009
1205 11013
1205 11457
1205 11464
1205 11483
1205 11773
1205 12164
1205 12314
1205 12573
1205 13020
1205 13326
1205 13502
1205 13529
1205 13596
1205 13632
1205 13685
1205 14165
1205 14283
1205 14341
1205 14651
1205 14862
1205 14995
1205 15079
1205 15127
1205 15567
1205 15591
1205 15592
1205 15692
1205 15704
1205 15734
1205 15762
1205 15936
1205 16016
1205 16083
1205 16184
1205 16387
1205 16435
1205 16832
1205 17299
1205 17389
1205 17616
1205 17731
1205 18264
1205 18639
1205 18771
1205 19098
1205 19168
1205 19344
1205 19354
1206 16214
1207 4421
1207 13483
1208 3983
1208 11748
1208 18921
1209 4578
1209 18743
1210 16370
1211 4086
1211 12640
1211 17757
1212 6794
1212 15735
1213 4683
1213 7124
1213 9587
1213 9588
1213 10308
1213 18670
1213 19016
1214 8077
1215 18487
1216 2365
1216 3773
1216 3992
1216 5321
1216 10373
1216 10750
1216 10896
1216 13844
1216 18924
1217 7716
1218 8885
1219 17645
1220 7754
1221 15841
1222 7636
1222 10441
1223 1412
1223 12066
1224 18809
1225 16989
1226 1245
1226 12105
1227 3332
1227 11540
1228 13779
1229 2123
1229 2891
1229 19160
1230 11168
1230 11548
1230 12902
1231 12066
1232 18989
1233 1544
1233 6095
1233 14442
1233 17415
1234 5103
1234 7475
1234 8817
1234 11478
1234 14910
1235 10573
1235 18949
1236 14183
1236 18838
1237 15989
1238 5639
1238 11840
1239 3429
1239 6903
1239 7636
1239 8165
1239 8900
1239 9256
1239 9826
1239 13756
1239 14768
1239 15362
1239 16527
1239 18946
1240 14607
1240 19017
1241 4818
1241 14110
1242 6356
1242 6358
1242 8820
1242 9882
1242 10537
1242 10699
1242 11024
1242 11450
1242 11894
1242 12137
1242 12301
1242 15612
1242 17308
1242 19536
1243 2673
1244 1675
1244 2117
1244 2554
1244 4323
1244 4823
1244 5595
1244 6120
1244 6572
1244 6626
1244 6899
1244 7015
1244 7113
1244 7123
1244 7900
1244 8736
1244 8998
1244 9387
1244 9797
1244 9830
1244 10443
1244 10510
1244 10659
1244 10859
1244 11816
1244 12145
1244 13576
1244 15696
1244 18320
1244 18402
1244 18742
1245 1857
1245 1927
1245 2940
1245 3434
1245 4931
1245 8492
1245 11397
1245 12105
1245 16205
1245 19225
1246 1324
1246 3923
1246 5051
1246 5132
1246 6898
1246 8509
1246 9879
1246 11450
1246 12256
1246 12610
1246 12628
1246 14800
1246 14912
1246 18398
1247 3231
1247 12437
1248 3800
1248 13757
1249 2361
1249 3451
1249 9264
1249 10510
1250 5899
1251 9884
1252 14819
1253 2117
1253 4194
1253 4544
1253 4546
1253 4702
1253 10540
1253 11902
1253 12349
1253 13940
1253 18141
1253 18719
1253 18843
1254 4895
1254 6794
1255 3338
1255 5377
1255 13254
1255 13343
1255 18561
1256 9366
1257 1265
1257 3363
1257 5183
1257 6259
1257 6451
1257 7765
1257 7773
1257 8211
1257 8705
1257 14335
1257 14593
1257 15202
1257 15315
1257 16445
1257 17164
1257 18696
1258 6357
1259 6788
1260 3332
1260 11540
1260 12479
1261 2804
1261 6419
1261 8127
1261 8426
1261 10383
1261 10436
1261 13975
1261 15467
1261 18744
1262 2812
1263 10313
1264 14335
1264 15920
1264 16066
1264 16378
1264 16514
1264 16983
1264 17295
1264 18696
1265 1551
1265 2892
1265 5567
1265 6259
1265 10812
1265 11024
1265 14593
1265 16412
1265 16514
1265 17295
1266 11460
1267 1742
1267 4273
1268 4173
1268 13576
1268 15794
1268 18138
1269 14353
1269 15952
1270 1670
1270 4216
1270 9929
1270 10556
1270 11059
1270 11128
1270 11190
1270 14453
1270 14852
1270 15459
1271 2425
1271 3073
1271 4336
1271 4400
1271 5440
1271 5467
1271 7708
1271 8127
1271 8426
1271 8697
1271 9083
1271 9589
1271 10540
1271 10600
1271 11816
1271 13091
1271 13620
1271 13940
1271 13975
1271 15780
1271 15788
1271 16140
1272 1475
1272 4133
1272 4261
1272 4911
1272 8857
1272 10433
1272 12737
1272 15769
1272 16051
1272 16460
1272 16731
1272 18767
1273 2031
1273 7879
1273 9695
1273 11454
1273 11461
1273 12160
1273 14896
1273 15559
1273 16460
1273 16548
1273 16994
1273 17687
1273 18898
1274 5251
1274 6355
1274 6391
1274 6452
1274 13287
1274 15171
1274 15985
1274 18900
1274 19049
1275 5677
1275 8015
1275 8420
1275 8878
1275 10839
1275 13507
1275 13873
1275 14007
1275 15976
1275 18698
1276 2786
1276 6676
1276 8372
1276 11488
1277 13448
1278 9574
1279 1385
1280 2517
1280 11457
1280 11961
1280 15401
1280 17128
1280 18254
1281 1687
1281 1886
1281 7055
1281 12773
1281 13981
1281 14748
1281 15685
1281 15855
1281 17013
1281 19053
1281 19267
1282 3062
1282 6101
1282 7639
1282 7673
1282 8249
1282 8629
1282 9942
1282 10086
1282 14421
1282 15100
1282 15992
1282 17875
1282 18065
1282 18305
1282 18894
1282 18902
1283 9715
1284 4086
1285 5711
1286 1456
1286 2235
1286 2955
1286 7470
1286 10390
1286 10595
1286 11049
1286 13123
1286 15750
1287 12762
1288 7168
1289 13940
1290 1544
1291 9519
1292 7756
1292 9588
1292 9873
1292 10776
1292 14742
1292 15713
1293 4058
1294 13677
1295 7243
1296 2999
1296 3018
1296 10068
1297 1316
1297 16697
1298 10484
1299 2865
1299 5480
1299 6790
1299 11031
1299 12491
1299 14810
1299 17488
1299 19619
1299 19663
1300 1945
1300 3151
1300 7780
1300 8113
1300 8483
1300 8746
1300 16813
1300 18522
1301 2549
1301 6513
1301 9815
1301 10051
1301 11450
1301 12628
1301 13748
1301 14466
1301 14508
1301 17295
1301 18162
1301 18942
1301 19366
1302 5237
1303 1401
1303 5394
1303 9608
1303 11813
1303 11816
1303 12199
1303 13491
1303 14284
1303 14756
1303 16362
1304 8115
1304 8359
1304 8566
1304 11840
1304 13369
1305 9041
1306 2725
1306 14058
1306 15301
1306 16302
1306 17656
1307 1394
1307 1865
1307 11354
1307 15713
1308 7636
1309 1792
1309 5212
1309 6833
1309 8526
1309 8910
1309 12304
1309 12442
1309 14662
1310 2262
1310 3120
1310 3194
1310 5427
1310 8447
1310 8665
1310 9520
1310 9582
1310 16332
1310 17403
1310 18415
1310 19053
1310 19419
1311 8910
1311 11604
1312 2154
1312 3110
1312 3484
1312 4581
1312 5205
1312 5229
1312 6465
1312 9453
1312 10405
1312 10614
1312 10754
1312 13269
1312 13533
