2712 4189
4086 14016
10670 19343
4384 6045
11512 15602
1073 10512
2984 3452
9311 16318
4533 17662
3965 13652
5322 13119
6725 18872
8790 10931
3140 14899
2083 6372
9517 9939
9139 13812
6464 16817
18014 18480
6727 10343
11944 18338
2609 7701
13484 16498
10675 16708
7478 13994
16466 16564
1595 15974
11455 18696
14915 17855
4260 9100
6388 6871
6481 8792
3746 7539
1181 15336
7041 10656
837 11812
4182 11676
13012 13711
3513 15907
3836 10680
11048 18386
6399 16334
4285 15715
5039 15737
12976 14267
4623 15014
6526 9968
10578 11459
693 8170
8252 14367
8221 10734
714 3335
7280 14034
8821 10660
2139 10310
14610 18472
4455 8321
7126 15339
7549 18014
9045 12427
1309 11587
2443 4793
1152 4386
3814 7312
6481 7250
9871 18460
6392 10326
1884 4862
16499 17560
10785 12509
13559 16623
4054 18409
1584 3021
12766 17321
8874 14547
8360 14144
6033 13266
1330 19304
11687 15983
46 13564
11472 17644
9905 10335
1073 19371
4476 9558
7140 8347
803 17354
4782 17436
1330 19706
5674 17091
3251 3719
19156 19170
3805 12147
2828 9325
1313 17736
8534 11873
8976 13455
6185 10073
15490 17605
11289 15025
10807 12542
10427 12053
8203 18921
7249 11454
8376 8765
1484 7818
8844 13653
2170 15619
6460 16598
2044 17064
5249 13281
18227 19527
10239 16683
2381 2724
4576 17907
3927 4197
5540 11042
5672 6425
5151 7642
4575 8940
12624 16279
12109 16468
5894 6849
255 12557
9786 14877
4963 12181
9044 14547
2306 14785
6481 19145
11853 16936
1511 3556
15268 15969
7513 16131
369 17598
17251 17362
2454 9638
11099 13472
306 13417
15649 16562
4845 18601
2082 6024
9642 16323
5491 15489
13210 14697
13275 19312
14418 16024
3699 13761
20 1980
430 14725
11623 18787
1261 6539
732 10969
656 9006
9429 10974
12769 14260
6939 11026
2520 17620
10227 19690
12844 16152
10330 13368
10338 16230
967 4360
4876 5477
919 18541
13869 15359
7975 14768
4918 6621
5632 12053
112 11680
8327 14973
3071 8615
7610 12582
9435 17846
15889 16783
12210 13076
727 4835
5875 6937
11070 13239
1260 11051
15150 15617
1314 16746
3076 14776
295 6821
5334 6496
10038 11570
5302 8699
7710 19171
2027 14003
12141 19539
13294 16278
6952 16026
456 12263
13459 14394
3994 10670
4381 5243
3938 18043
6255 16295
3604 14154
12195 12252
7715 17926
8447 8542
15824 18462
8206 19364
3456 9117
13877 18902
1975 17832
879 6386
7358 11044
8386 10163
7398 16797
14532 15389
13284 14039
1338 2868
6883 16267
4204 19249
287 17343
2696 4781
15826 17560
7240 8618
2725 18847
11298 18045
15263 15605
